otu	sample0	sample1	sample2	sample3	sample4	sample5	sample6	sample7	sample8	sample9
otu259	6	16	8	18	3	6	13	0	9	20
otu1149	20	14	8	13	4	7	7	20	3	20
otu594	0	10	3	17	6	1	1	9	14	13
otu2963	18	20	13	14	2	12	3	17	2	16
otu215	3	12	10	4	8	6	18	14	15	8
otu1596	14	11	7	0	4	8	11	1	8	14
otu1388	8	15	1	6	6	6	20	20	9	3
otu655	3	4	7	15	10	16	16	9	10	10
otu1130	9	10	6	8	17	7	1	18	19	12
otu528	3	18	4	15	14	18	14	12	14	11
otu1630	13	16	2	14	12	4	3	6	7	5
otu253	18	17	11	0	5	8	10	5	5	5
otu653	17	20	16	5	2	7	3	20	2	4
otu1413	1	15	1	6	6	18	13	2	0	2
otu928	20	5	4	6	18	19	16	19	4	14
otu1049	19	19	4	10	1	19	1	5	7	6
otu1440	14	9	10	18	4	11	10	12	20	11
otu1331	3	7	5	9	18	16	2	13	19	5
otu1948	4	7	3	16	6	11	19	4	11	14
otu2247	12	19	0	11	1	6	5	9	7	6
otu1789	11	6	16	13	14	12	6	4	15	15
otu896	15	6	5	7	10	5	2	15	4	3
otu2297	10	7	18	10	11	16	7	11	14	11
otu91	19	18	11	13	0	19	12	4	0	7
otu236	5	3	19	12	17	2	16	18	8	11
otu855	17	12	3	15	15	16	17	6	15	12
otu987	3	5	1	16	8	15	3	17	1	7
otu1487	7	1	6	11	9	9	3	19	20	13
otu2432	3	13	7	5	5	7	1	17	2	0
otu2561	9	4	0	5	15	13	5	8	12	5
otu2038	3	6	9	8	5	9	19	9	15	10
otu1370	4	4	3	20	0	2	17	0	15	12
otu87	15	8	20	14	11	1	16	6	5	19
otu2833	14	4	5	11	6	20	3	4	11	14
otu588	0	5	9	1	12	18	12	3	16	20
otu2378	6	13	4	1	0	15	10	16	20	16
otu562	4	20	2	9	9	2	4	8	3	20
otu2591	2	10	7	13	8	8	13	10	0	13
otu2296	19	1	6	9	13	5	2	0	19	8
otu1079	1	19	14	15	2	2	1	19	0	4
otu1139	20	6	7	18	3	0	13	16	0	1
otu596	0	8	19	5	9	18	13	15	10	2
otu1888	15	0	16	9	19	0	6	9	6	7
otu333	9	11	1	8	8	5	3	18	12	4
otu1338	2	9	16	3	15	4	15	9	9	19
otu1577	8	10	1	8	4	6	6	4	5	7
otu1339	3	0	10	7	4	5	8	0	15	7
otu2615	17	6	5	8	7	17	6	10	13	2
otu989	12	6	9	20	11	11	14	5	6	2
otu2135	14	16	13	6	16	13	18	20	3	18
otu2800	19	15	14	9	6	5	8	19	3	16
otu26	1	0	6	10	15	10	4	17	8	5
otu1029	13	8	18	1	12	4	8	20	8	18
otu490	3	12	13	4	11	6	13	8	0	7
otu2835	11	13	1	7	4	14	20	0	16	5
otu1864	2	6	17	1	20	2	9	10	9	3
otu2180	1	5	0	1	4	10	7	18	13	11
otu1122	0	2	14	17	15	0	0	2	0	18
otu2120	11	18	9	9	2	13	4	2	15	18
otu1667	13	5	19	14	13	7	6	1	5	7
otu960	0	16	7	11	0	16	11	5	16	7
otu2773	5	5	1	6	9	10	1	19	7	2
otu2630	13	13	13	11	0	5	17	8	15	0
otu737	14	9	16	13	20	8	20	11	20	7
otu921	10	4	15	1	13	10	2	10	14	10
otu2145	13	4	13	8	13	14	5	15	8	12
otu2920	16	3	6	13	4	7	11	12	6	2
otu2805	20	4	2	6	16	9	4	13	6	11
otu2224	8	12	10	20	7	2	4	20	17	17
otu1986	1	3	1	12	17	14	14	19	16	2
otu1196	7	4	20	8	19	8	14	5	6	13
otu104	0	16	13	1	12	14	18	15	13	4
otu1276	8	11	13	1	4	13	4	10	4	20
otu229	10	8	2	14	16	1	10	4	12	2
otu1284	0	0	9	0	10	0	19	18	4	3
otu1653	3	0	12	19	13	1	1	10	9	17
otu2836	7	18	3	7	5	7	9	14	1	9
otu998	6	7	11	9	0	2	6	8	10	9
otu2534	8	18	19	15	16	7	2	14	13	12
otu1825	11	16	17	6	15	3	7	16	13	1
otu2611	14	16	20	7	13	5	2	12	10	9
otu322	11	4	13	20	16	3	19	5	7	3
otu2873	12	20	17	6	6	9	17	19	12	19
otu1414	1	4	11	18	8	14	2	19	4	6
otu1862	10	1	12	18	16	1	0	3	8	4
otu926	12	16	0	7	0	14	20	20	16	2
otu1213	11	2	8	17	0	11	6	18	11	10
otu1670	6	19	13	0	17	11	13	0	18	4
otu535	6	5	1	11	9	5	0	19	19	18
otu8	10	3	13	19	3	1	16	6	9	4
otu1021	15	12	0	2	6	15	7	15	13	10
otu1907	15	9	1	7	11	17	14	4	12	16
otu845	12	14	13	11	14	9	16	13	2	20
otu1911	19	1	20	13	19	6	5	15	11	3
otu693	16	13	16	20	15	14	10	0	9	14
otu894	20	13	9	13	19	10	11	20	17	12
otu1221	2	11	3	17	17	9	17	18	8	5
otu1294	8	4	5	8	6	10	16	18	16	16
otu515	0	11	0	9	5	20	16	13	5	7
otu1429	8	4	1	15	5	9	15	20	15	15
otu425	8	15	2	16	0	19	14	18	3	14
otu740	12	1	14	11	18	12	14	19	18	13
otu765	12	4	2	8	14	19	11	0	12	18
otu217	7	11	16	4	14	17	20	15	12	17
otu2369	7	11	8	1	0	10	12	3	12	11
otu52	1	9	7	17	10	0	10	13	13	16
otu2667	10	6	7	5	2	7	8	4	10	7
otu2589	6	7	12	17	6	2	9	12	14	5
otu2214	14	1	5	10	4	5	15	10	6	2
otu1770	9	3	10	2	7	19	6	16	15	9
otu1868	10	17	2	7	17	2	17	1	17	12
otu495	15	10	11	10	9	0	2	20	12	8
otu1765	14	6	13	16	4	7	12	3	16	6
otu1995	0	19	18	4	13	18	15	12	17	9
otu1104	20	15	13	4	5	5	20	12	17	4
otu1222	16	17	14	20	9	0	11	11	14	6
otu889	2	15	5	9	8	16	18	5	0	18
otu1144	5	13	2	5	20	20	8	3	14	7
otu1734	6	5	13	14	19	7	1	1	17	13
otu2698	4	1	12	0	0	0	2	13	0	8
otu181	17	11	2	19	20	2	9	7	17	12
otu93	11	16	18	17	8	10	6	19	7	12
otu223	16	5	4	13	2	18	5	8	1	4
otu1686	16	10	18	15	16	6	12	1	19	6
otu757	0	10	8	13	13	10	17	8	17	4
otu210	3	10	5	11	7	10	1	19	3	15
otu2693	6	16	2	8	19	20	20	10	17	4
otu2255	1	4	20	0	7	9	13	18	1	20
otu2216	10	12	10	18	14	5	10	12	14	5
otu778	14	2	0	19	11	13	1	9	6	15
otu652	14	6	8	5	7	6	7	19	15	15
otu1523	18	16	4	16	9	8	2	8	17	12
otu270	7	16	17	16	17	12	0	7	9	4
otu2546	2	1	3	4	6	13	17	11	1	16
otu543	5	0	11	15	9	8	10	0	17	12
otu465	16	20	7	8	8	19	20	17	9	8
otu2786	7	6	18	20	5	12	17	16	17	3
otu620	5	10	19	10	18	13	9	1	18	11
otu524	4	19	14	18	2	4	10	15	6	5
otu1544	11	9	19	18	8	6	10	8	3	6
otu838	18	13	0	3	20	6	2	2	3	13
otu1941	15	11	19	0	13	14	7	8	7	7
otu1704	7	20	2	15	5	8	20	5	20	11
otu2808	14	3	1	4	20	7	6	20	16	9
otu345	8	7	4	16	11	7	2	16	15	7
otu565	7	15	3	14	4	16	4	15	3	11
otu730	18	10	2	11	12	5	4	13	18	5
otu2695	19	15	4	3	1	10	1	13	10	2
otu1866	16	15	15	20	9	20	15	13	4	17
otu427	20	4	8	1	2	3	18	10	17	11
otu1529	4	1	4	10	2	19	17	9	7	0
otu993	15	17	18	9	11	9	5	10	4	17
otu2644	19	19	3	10	5	20	11	5	17	4
otu49	14	13	13	10	0	12	13	14	13	17
otu1280	4	20	19	9	7	19	0	10	7	20
otu717	14	13	0	2	5	20	7	6	10	2
otu1733	6	5	19	15	0	16	7	12	12	18
otu864	5	16	12	6	20	4	11	12	8	17
otu72	11	13	10	14	6	1	20	8	4	1
otu438	16	17	2	19	14	14	13	3	18	7
otu2472	13	17	18	14	2	15	3	6	8	11
otu645	11	14	11	2	6	6	6	18	20	10
otu1194	9	11	7	11	9	1	5	8	3	8
otu1316	8	7	8	7	8	6	18	15	11	20
otu387	5	9	15	0	6	11	14	15	20	6
otu1460	10	9	2	19	12	0	13	20	3	6
otu2059	14	3	0	13	17	19	12	1	10	15
otu1806	18	18	19	10	2	14	2	7	12	9
otu636	14	7	19	9	8	14	5	0	2	15
otu644	8	9	2	11	14	15	12	8	20	11
otu1822	2	0	11	3	13	11	5	2	6	1
otu292	18	13	10	4	7	6	0	18	15	3
otu2954	5	2	8	18	14	12	13	5	12	6
otu2699	13	15	16	8	13	6	18	5	19	14
otu2709	10	0	0	1	5	8	8	17	12	1
otu2668	10	13	9	13	16	3	14	9	0	1
otu9	8	9	15	4	11	5	9	6	4	3
otu174	10	20	13	15	6	8	17	6	12	10
otu1403	5	8	20	12	9	20	5	20	11	0
otu2342	20	19	7	11	13	10	0	14	0	18
otu2172	15	3	12	6	14	9	19	6	16	5
otu1606	11	12	9	18	8	20	2	11	4	10
otu2448	2	7	17	13	13	11	4	4	10	16
otu1109	0	18	8	2	20	9	19	10	13	20
otu953	11	5	1	20	2	4	12	11	14	16
otu1649	10	4	8	15	3	0	11	0	9	3
otu1996	10	19	20	10	20	10	9	11	12	12
otu1419	11	7	9	18	14	15	5	9	16	17
otu2895	12	14	1	4	18	20	10	20	11	12
otu940	3	17	9	16	10	11	19	16	11	4
otu674	5	1	1	7	19	17	13	10	3	3
otu1169	20	17	8	1	1	6	16	8	5	12
otu1180	15	7	2	8	13	5	4	12	12	13
otu1851	17	6	11	9	4	17	14	2	11	0
otu598	20	2	20	9	16	16	2	11	19	1
otu1651	14	3	10	5	13	2	4	17	10	2
otu220	0	7	4	14	6	8	13	10	16	13
otu1615	20	14	17	8	1	13	14	11	19	18
otu950	4	5	4	5	18	14	6	2	14	18
otu760	9	1	20	17	2	3	17	18	8	20
otu1758	18	4	19	12	11	11	1	8	7	14
otu2892	17	20	8	0	16	19	19	16	2	12
otu1695	13	7	5	8	9	3	17	0	10	10
otu1539	10	1	8	15	4	19	1	0	18	5
otu2209	6	16	9	9	7	4	0	10	5	13
otu2329	5	5	4	1	16	3	18	11	1	19
otu851	15	18	11	8	11	6	4	16	18	19
otu2613	17	7	13	12	13	11	4	15	13	14
otu1711	6	10	3	18	6	6	20	14	18	5
otu109	15	11	18	12	10	9	1	8	17	11
otu1085	1	12	9	9	19	14	17	19	19	16
otu238	16	3	6	0	1	9	19	1	11	2
otu1445	13	13	0	8	2	16	20	0	4	1
otu810	12	0	10	16	5	14	12	18	13	8
otu2374	20	7	1	10	12	3	19	14	14	13
otu2473	15	2	4	14	20	20	8	18	7	11
otu2484	0	16	9	11	20	13	18	11	3	5
otu1587	6	17	1	1	16	12	14	7	4	19
otu2626	11	8	16	12	19	18	4	6	10	9
otu2248	2	4	6	13	9	12	3	19	13	14
otu2573	2	19	4	18	14	13	11	12	7	0
otu248	2	11	12	6	5	13	18	5	13	2
otu252	17	4	8	12	15	10	10	2	4	7
otu187	12	16	8	9	6	14	13	16	15	9
otu342	2	6	8	3	10	4	7	1	2	12
otu2004	12	12	18	7	12	13	7	1	12	12
otu2146	12	18	20	11	15	8	7	7	1	4
otu2868	6	3	4	1	7	16	8	18	14	13
otu1748	1	8	3	17	9	3	17	20	12	16
otu1540	14	11	5	15	20	11	11	12	4	8
otu2838	10	10	12	7	3	1	7	0	0	11
otu95	10	14	12	10	2	9	15	20	16	13
otu946	4	3	8	20	16	5	2	1	1	20
otu1660	5	11	13	4	1	18	18	0	4	10
otu101	17	7	8	12	3	7	18	2	1	14
otu111	4	6	14	5	7	14	15	18	9	9
otu972	7	17	9	14	8	2	20	16	12	16
otu569	7	11	3	11	18	3	2	6	3	1
otu552	13	0	1	14	17	15	6	6	20	4
otu208	5	0	13	16	16	10	3	13	7	4
otu2325	4	13	1	6	16	13	9	13	0	9
otu2748	11	20	2	14	2	4	8	11	20	6
otu1646	16	20	1	3	2	17	9	14	8	1
otu2397	18	1	1	5	14	16	5	1	0	15
otu2449	14	10	16	0	5	14	13	13	17	6
otu209	7	3	6	16	13	6	12	10	14	2
otu2131	8	5	12	5	4	13	13	19	4	16
otu200	1	14	12	16	18	19	3	4	6	8
otu833	11	20	9	1	6	5	14	1	19	9
otu1117	11	1	9	3	15	11	0	18	14	12
otu1994	18	17	6	7	9	11	5	5	9	7
otu2852	13	5	16	13	7	16	16	14	19	5
otu2648	20	13	17	3	2	16	17	10	19	4
otu218	2	17	5	5	7	19	6	0	19	4
otu324	18	1	5	0	16	11	7	16	17	13
otu1009	19	8	13	8	18	19	5	20	12	6
otu707	15	12	6	7	17	15	7	20	12	2
otu1635	2	8	20	0	1	6	14	13	11	16
otu2929	11	12	6	17	10	19	20	11	15	14
otu2994	2	1	12	17	9	15	13	18	3	7
otu1438	17	5	1	12	3	5	2	8	10	13
otu1433	0	6	12	19	1	17	1	15	4	3
otu313	7	8	12	17	7	12	1	10	2	18
otu2843	10	9	8	15	18	3	12	6	10	9
otu1102	12	4	18	12	3	3	13	20	6	20
otu2400	15	10	8	3	16	10	15	19	17	14
otu2710	16	2	12	4	14	1	1	9	8	10
otu1931	11	17	5	1	9	9	19	2	0	2
otu2673	3	2	17	18	4	6	20	11	15	17
otu2298	7	6	16	14	6	2	10	4	11	19
otu2218	20	5	20	9	7	0	9	12	18	18
otu2734	20	9	9	13	13	7	19	15	14	8
otu2849	12	20	8	12	13	0	9	20	5	12
otu673	14	16	1	2	7	8	3	17	4	18
otu1208	5	2	6	11	4	20	16	10	14	10
otu2390	15	3	8	9	11	6	13	11	4	19
otu1324	7	6	1	4	16	5	3	17	20	16
otu900	15	20	2	20	10	8	7	8	12	1
otu2801	8	19	7	14	18	5	7	18	17	1
otu474	18	18	9	10	5	3	19	19	4	13
otu2593	13	9	20	1	1	15	3	12	14	18
otu2771	8	17	18	16	11	1	0	15	5	10
otu1097	6	13	11	8	14	2	4	7	20	14
otu2050	11	4	16	20	2	2	2	6	9	14
otu2913	19	11	2	11	7	4	6	11	14	19
otu2880	5	2	13	5	15	2	19	5	14	8
otu1900	12	15	8	0	2	4	13	5	20	7
otu901	8	10	13	15	12	18	5	16	7	2
otu2455	6	1	2	3	5	11	0	14	3	16
otu1971	18	5	7	15	4	5	11	0	15	4
otu1553	20	9	1	11	2	7	18	3	2	18
otu2555	18	18	14	11	3	1	17	14	7	1
otu788	6	19	6	15	14	3	10	14	9	1
otu1031	11	17	19	10	5	18	7	6	9	4
otu977	16	15	4	10	17	3	18	3	7	14
otu2869	7	1	19	2	14	7	18	11	20	8
otu2430	18	4	11	18	1	12	9	17	0	11
otu1591	8	10	17	15	18	3	11	14	18	16
otu862	18	0	14	13	13	4	4	18	5	2
otu2795	16	11	14	8	11	7	13	8	5	8
otu1195	15	11	12	8	16	2	1	6	6	9
otu1334	14	19	15	12	17	2	19	16	10	0
otu2579	5	12	2	17	17	3	9	10	11	10
otu167	8	8	1	5	20	2	0	9	13	15
otu2987	2	9	3	2	13	16	14	10	10	0
otu2062	13	13	16	11	11	15	9	13	17	19
otu2931	0	13	12	12	7	16	12	14	9	12
otu1700	6	15	16	12	2	9	4	8	6	15
otu1614	6	15	3	4	9	6	11	9	11	4
otu1969	9	18	15	9	2	5	7	18	12	10
otu2289	15	4	17	15	0	9	13	18	18	20
otu615	12	7	5	10	13	20	17	20	14	17
otu850	3	4	1	15	8	0	14	13	0	18
otu1485	10	14	3	14	12	15	5	16	14	3
otu2178	5	20	18	19	20	5	0	6	5	13
otu1715	5	20	5	10	17	11	14	17	20	11
otu2902	17	1	17	20	19	11	12	10	4	0
otu959	16	5	19	15	14	12	14	13	5	1
otu2684	4	20	7	19	14	0	7	3	11	19
otu544	5	1	19	4	15	18	9	1	8	7
otu1307	10	1	1	17	0	20	13	9	12	1
otu2816	10	6	10	9	4	8	20	19	7	9
otu2315	18	9	9	7	0	20	4	6	19	11
otu2975	8	19	9	14	20	0	19	13	19	1
otu1859	17	12	5	18	6	0	8	19	16	0
otu234	11	12	6	6	7	18	2	11	1	15
otu2924	13	1	13	0	19	14	8	14	11	4
otu2302	0	0	7	13	11	3	0	3	8	4
otu1112	9	12	5	5	12	8	4	20	14	4
otu108	12	10	17	10	1	5	16	16	17	14
otu776	15	0	5	17	8	9	13	19	4	11
otu2485	2	14	9	6	20	1	20	12	8	19
otu514	16	3	11	17	16	17	20	8	15	8
otu1383	14	14	18	14	18	6	6	3	17	14
otu1613	18	17	15	10	0	2	1	16	2	14
otu366	5	10	6	20	9	9	11	10	15	20
otu1313	11	17	14	13	13	3	17	4	18	9
otu2409	3	16	13	19	0	3	3	16	0	2
otu1551	6	9	9	6	2	4	17	10	9	10
otu1354	8	12	12	9	20	18	0	18	4	3
otu2509	18	16	18	8	6	2	0	8	1	7
otu879	12	4	8	17	17	0	4	4	8	9
otu2507	4	2	3	18	14	20	17	6	16	1
otu66	2	0	13	18	20	3	19	9	4	15
otu423	18	14	19	16	19	8	2	1	0	5
otu1305	3	4	0	15	10	10	9	16	5	10
otu1492	14	3	0	10	6	11	18	15	9	20
otu124	1	17	13	5	6	3	10	17	3	10
otu1749	0	1	10	1	4	3	9	14	7	9
otu197	5	0	19	14	13	13	0	11	8	14
otu360	17	12	20	9	11	10	14	17	0	6
otu2756	0	20	4	8	5	18	11	13	19	6
otu2011	9	3	14	13	15	15	7	1	5	6
otu999	19	4	16	13	9	11	6	6	2	1
otu2739	16	0	16	17	16	6	4	19	16	3
otu1752	20	7	0	5	6	10	11	15	2	0
otu1771	16	5	12	1	3	11	1	14	6	10
otu1415	8	12	12	6	3	8	11	2	10	18
otu1891	7	18	15	16	8	15	6	2	1	9
otu157	19	20	10	1	13	13	13	8	18	6
otu2961	11	10	1	16	0	10	19	15	5	19
otu412	19	9	5	18	12	9	0	1	15	4
otu1177	11	6	2	16	7	14	13	1	5	15
otu257	9	18	15	13	8	8	7	7	12	7
otu492	7	14	4	12	18	9	0	0	20	17
otu161	4	0	6	14	11	18	12	3	1	16
otu2444	14	19	17	13	15	6	15	13	13	0
otu986	0	17	0	5	20	3	14	8	6	9
otu1437	18	18	10	9	9	7	19	5	3	13
otu400	12	14	16	1	19	18	1	7	16	11
otu1588	12	13	8	16	10	6	1	16	20	3
otu2304	15	13	20	16	5	4	18	11	7	0
otu1278	19	8	7	0	20	5	20	10	8	2
otu2441	19	0	18	8	13	14	8	8	9	5
otu1926	3	11	15	6	12	7	0	13	10	15
otu2020	2	1	5	3	6	10	7	9	1	6
otu1390	2	20	13	16	17	17	20	8	4	13
otu2666	1	8	1	19	4	3	4	11	17	4
otu1044	2	11	6	20	17	3	2	15	16	16
otu1794	5	6	3	3	18	7	12	4	18	18
otu1536	12	12	10	8	12	20	5	7	12	18
otu404	17	8	9	13	14	1	1	11	11	6
otu2041	9	9	14	10	3	16	2	15	6	20
otu407	5	11	20	20	5	17	5	17	11	8
otu1628	3	10	19	15	14	8	20	2	9	19
otu1846	8	0	20	16	6	20	19	8	0	20
otu56	12	6	17	18	13	13	4	20	13	15
otu452	13	7	3	20	13	2	5	5	11	6
otu328	12	7	17	6	10	20	5	8	3	13
otu790	16	8	14	9	10	8	9	7	15	17
otu2166	2	10	4	15	4	8	16	5	14	19
otu1869	16	0	3	18	5	7	7	11	7	14
otu1159	20	15	18	6	12	20	19	13	9	11
otu1189	19	17	0	7	16	17	1	6	13	4
otu1594	0	1	19	1	0	5	15	6	0	16
otu685	10	9	6	5	8	13	17	20	11	20
otu2244	11	2	13	20	19	11	2	15	1	20
otu348	14	6	18	1	9	4	16	20	20	5
otu2874	7	15	3	7	14	12	6	12	14	2
otu1062	14	15	12	16	4	5	18	4	12	19
otu32	11	12	11	2	0	19	7	6	1	20
otu2157	4	18	12	6	11	12	8	3	12	10
otu1093	1	18	8	9	7	5	0	6	5	3
otu1604	20	5	3	18	1	11	12	1	11	20
otu1116	14	12	2	16	10	11	17	18	1	7
otu355	13	10	16	0	3	18	5	12	6	10
otu754	14	6	1	14	2	0	17	5	12	9
otu791	19	18	19	8	15	7	13	1	3	3
otu2740	4	7	4	0	7	19	0	4	8	18
otu2028	5	13	3	16	19	2	7	20	9	7
otu2155	11	15	17	12	16	16	9	0	3	8
otu2075	6	11	0	7	20	18	11	8	12	9
otu1418	14	17	18	17	15	1	5	5	1	6
otu828	12	6	10	3	16	15	11	6	20	8
otu1148	5	6	10	13	16	8	6	11	5	15
otu153	18	4	16	7	9	19	15	3	19	7
otu1264	12	9	13	17	13	14	13	3	11	11
otu2072	12	15	3	8	6	9	13	3	4	20
otu799	9	17	3	18	17	19	11	3	10	13
otu2462	4	10	3	11	8	6	11	15	19	11
otu591	15	10	19	4	11	6	4	13	15	14
otu74	1	15	16	0	13	14	8	20	9	1
otu829	10	20	3	8	20	18	3	9	18	12
otu1471	13	19	5	9	19	11	2	4	18	1
otu2557	5	1	7	1	18	2	18	18	16	6
otu2658	3	19	17	1	20	13	13	2	18	4
otu429	12	15	12	7	9	0	16	3	9	20
otu2026	10	11	4	2	1	14	10	20	8	14
otu2048	9	19	9	19	18	5	14	1	19	20
otu201	14	3	16	18	10	16	13	7	3	10
otu391	3	8	13	7	10	2	5	13	3	1
otu1483	5	3	2	8	11	17	17	17	8	6
otu2103	6	3	15	14	17	5	18	15	14	0
otu2560	7	12	9	14	4	19	18	12	8	2
otu803	14	9	4	6	12	14	8	1	11	19
otu2047	14	20	0	15	20	14	17	20	20	11
otu629	10	7	14	0	16	3	0	19	1	8
otu2787	12	16	9	19	14	13	3	3	4	11
otu454	15	17	14	7	7	2	20	2	16	14
otu347	15	8	2	18	1	14	20	10	1	13
otu2292	8	13	7	7	9	10	6	10	20	3
otu1451	4	20	3	16	1	3	11	13	18	1
otu1824	4	13	11	10	15	0	12	20	2	4
otu2490	11	1	8	17	19	20	5	20	15	3
otu2152	8	0	13	20	12	9	14	20	6	10
otu2382	1	15	13	2	15	13	20	18	19	9
otu1069	14	13	0	9	17	17	11	6	2	9
otu1855	4	9	3	10	2	5	19	8	5	15
otu2211	11	10	16	10	2	11	7	12	2	6
otu2670	2	2	6	20	2	1	14	18	2	14
otu1230	9	1	11	9	11	18	3	0	10	1
otu1982	0	8	16	16	17	18	16	6	1	2
otu2337	7	2	4	7	10	17	1	15	0	18
otu509	7	11	3	3	4	3	6	15	3	1
otu1349	3	13	12	3	1	17	18	20	7	14
otu745	17	6	6	13	9	19	4	18	18	14
otu1975	15	11	19	18	13	4	6	16	9	1
otu2937	12	19	4	4	18	5	8	2	3	17
otu2906	17	2	13	15	9	20	12	7	7	8
otu2469	8	12	3	17	2	12	11	19	11	18
otu770	10	2	19	18	0	10	12	16	12	3
otu1190	4	16	14	3	6	8	11	3	13	14
otu586	4	14	17	1	2	5	2	19	2	14
otu1983	17	4	10	12	3	5	16	17	18	15
otu2562	14	18	17	4	16	14	5	15	19	8
otu1362	13	16	9	3	3	3	6	19	0	7
otu2043	9	11	3	1	4	12	8	0	17	6
otu2865	2	6	10	12	19	11	5	19	4	15
otu2988	19	17	16	14	18	11	9	14	7	5
otu534	13	10	6	9	13	19	7	0	20	7
otu1359	9	10	9	1	12	5	1	2	12	14
otu281	18	7	12	18	6	13	2	13	4	12
otu364	9	17	6	6	20	17	4	15	18	7
otu1047	19	0	19	2	13	12	14	20	1	14
otu2708	10	0	3	10	10	14	10	11	13	16
otu1050	19	6	10	17	16	15	17	11	7	4
otu184	12	9	13	5	7	20	2	1	15	3
otu1915	15	3	17	10	17	1	19	13	4	6
otu2811	5	18	2	3	0	18	8	5	0	8
otu1903	3	0	15	9	0	7	9	20	4	3
otu137	6	14	12	2	9	18	19	14	14	18
otu1003	9	11	4	7	4	4	19	12	0	11
otu2275	11	9	12	11	9	7	18	11	6	9
otu1068	13	12	7	20	3	12	0	12	20	1
otu179	16	10	8	8	0	20	5	13	10	20
otu1154	18	9	6	4	9	13	7	8	15	12
otu448	17	14	18	9	19	13	13	1	8	19
otu2518	7	11	7	1	7	8	17	14	2	15
otu2064	6	10	16	4	20	6	17	13	20	18
otu305	15	12	3	0	20	17	11	0	0	12
otu2692	17	17	16	6	16	5	14	1	12	1
otu898	18	2	3	0	1	9	2	10	19	12
otu561	18	4	4	10	1	18	18	2	19	3
otu413	0	2	15	13	16	17	20	3	19	5
otu1070	14	9	7	19	2	13	4	7	8	15
otu720	2	8	13	13	10	15	17	1	17	7
otu466	1	9	17	9	5	7	2	2	13	3
otu1140	12	9	4	8	9	17	17	0	16	6
otu832	18	1	5	13	7	10	20	6	9	13
otu963	19	0	0	2	18	17	17	19	11	0
otu1063	9	9	18	5	13	0	8	12	19	18
otu1537	6	5	19	2	15	3	3	5	16	13
otu625	6	13	0	2	14	18	3	11	10	15
otu272	12	3	16	2	8	0	15	10	0	18
otu69	5	15	17	13	1	4	11	15	15	9
otu1455	9	5	17	9	4	15	4	15	16	8
otu79	17	20	15	18	6	19	18	3	18	6
otu2995	2	2	11	0	6	4	2	7	13	7
otu1890	6	1	18	12	4	20	4	12	4	11
otu1524	6	8	9	3	5	19	14	1	7	3
otu2417	18	10	14	8	10	5	7	13	3	4
otu1124	17	11	16	17	0	3	13	7	18	4
otu243	8	6	18	8	10	20	3	3	13	11
otu683	4	5	5	14	14	5	11	15	1	10
otu2228	9	8	0	11	3	1	16	9	14	1
otu1887	10	13	5	18	18	16	0	5	13	8
otu556	9	19	15	20	6	16	20	19	2	18
otu548	0	15	3	1	17	8	2	18	3	8
otu344	1	10	19	14	17	0	13	15	5	16
otu297	6	19	2	15	15	11	20	15	0	19
otu1678	15	5	2	12	19	2	5	15	12	13
otu1094	2	11	17	5	5	9	7	20	0	19
otu2751	20	9	13	9	14	19	5	5	9	14
otu1105	8	3	10	19	20	0	6	16	18	19
otu1197	3	11	3	8	8	12	20	15	3	16
otu2595	8	13	7	0	14	15	10	6	11	15
otu1932	10	20	2	17	8	7	19	10	0	7
otu2766	19	2	4	8	11	0	17	0	8	9
otu1886	4	0	11	8	1	11	19	20	7	7
otu2207	9	3	8	0	20	4	3	17	17	9
otu2923	8	8	18	11	4	3	13	16	4	19
otu2338	9	17	13	12	12	9	9	6	7	13
otu2943	0	1	7	11	6	2	5	9	4	5
otu1968	3	15	2	11	20	20	8	7	7	15
otu362	8	20	18	4	6	5	5	6	2	11
otu266	2	11	8	8	1	5	3	0	10	15
otu979	9	11	20	12	0	11	12	9	10	6
otu361	9	5	14	14	18	9	10	5	17	19
otu2428	17	12	7	3	4	14	12	17	5	15
otu2238	15	6	1	7	13	5	10	0	15	20
otu2578	7	13	13	10	4	19	2	9	6	3
otu2947	12	9	7	8	0	19	9	4	17	9
otu2896	19	13	10	10	10	14	17	4	18	4
otu1906	2	17	17	5	9	14	0	10	3	4
otu902	6	17	0	19	4	4	1	4	13	16
otu983	5	0	17	6	19	16	16	9	1	12
otu2618	0	20	11	13	10	16	15	7	10	7
otu654	10	20	7	4	6	20	8	5	10	5
otu316	17	8	3	17	9	13	19	14	20	7
otu2804	15	18	19	3	9	16	1	14	18	0
otu205	12	10	8	15	18	5	16	12	6	15
otu1211	0	12	19	20	10	9	13	10	10	0
otu1315	15	4	1	8	13	5	13	12	20	9
otu1270	1	11	6	7	3	14	8	20	18	15
otu1502	19	7	6	17	12	15	7	19	20	10
otu116	9	2	8	3	15	11	16	2	20	5
otu33	19	11	0	19	11	16	4	14	15	9
otu1538	1	13	12	16	18	12	14	3	15	19
otu428	11	12	15	6	5	7	4	14	20	0
otu1598	9	3	4	8	0	3	10	3	20	4
otu609	1	5	14	14	16	10	11	2	2	10
otu2012	3	14	8	19	6	11	16	8	17	4
otu1137	5	19	18	20	11	7	9	11	5	0
otu2101	9	1	9	16	2	0	2	6	10	8
otu1263	0	3	6	20	14	1	20	6	15	14
otu1610	2	15	6	20	0	3	0	6	9	6
otu2452	16	17	6	15	6	15	4	0	0	1
otu1522	5	4	8	19	6	2	6	0	12	1
otu249	9	0	0	16	10	11	0	8	12	19
otu718	10	13	4	3	5	15	13	17	1	14
otu1531	20	7	17	1	3	5	6	3	3	19
otu126	6	13	5	7	18	19	13	7	18	11
otu2479	4	1	7	15	7	18	18	18	4	9
otu910	14	10	11	15	1	5	20	12	14	10
otu2758	10	7	15	5	8	1	3	19	10	3
otu1625	14	10	2	3	2	9	20	19	10	12
otu75	15	5	10	8	17	12	12	10	2	18
otu2559	17	19	17	4	9	7	16	13	5	6
otu1101	8	1	17	1	9	15	9	3	17	0
otu882	14	15	1	8	19	6	8	3	19	8
otu151	6	17	13	11	0	0	18	0	2	16
otu1254	4	8	16	13	16	6	18	13	1	17
otu2099	8	3	11	3	18	20	2	7	8	20
otu2817	16	17	2	3	15	17	0	0	6	17
otu1134	19	11	13	4	3	20	10	19	6	8
otu2772	3	9	13	18	7	6	8	17	10	16
otu2037	8	5	4	14	10	20	13	10	20	17
otu1493	15	5	3	12	14	9	19	0	4	17
otu1565	18	1	4	6	9	12	6	16	12	5
otu891	12	5	3	18	20	9	9	12	0	1
otu1513	13	3	19	3	12	12	4	13	8	13
otu858	2	15	16	4	15	6	12	4	18	11
otu496	10	16	10	1	4	20	17	4	8	0
otu260	10	12	14	0	17	20	15	0	20	11
otu2183	20	6	12	6	17	2	6	7	16	2
otu61	16	5	6	0	6	17	8	2	14	5
otu2415	7	19	10	16	9	14	18	11	19	8
otu2385	10	1	8	3	6	2	2	6	15	2
otu2189	5	12	0	18	3	16	6	5	15	2
otu435	0	5	19	17	10	16	6	15	9	13
otu315	16	9	13	8	4	20	13	5	16	1
otu2279	0	7	0	0	20	3	18	7	9	12
otu2743	7	13	18	11	15	6	15	12	17	2
otu2530	12	8	1	6	8	4	5	8	0	1
otu1525	15	18	11	10	4	4	10	2	16	13
otu1165	4	14	13	12	16	1	13	6	0	10
otu1490	13	20	9	3	17	16	20	8	8	2
otu1672	9	13	17	5	1	2	18	8	14	0
otu1839	3	19	18	6	15	17	12	19	14	20
otu847	1	20	1	4	9	12	20	10	12	1
otu701	16	5	5	7	20	15	13	3	20	16
otu2656	6	8	6	19	5	3	8	7	12	16
otu2343	2	19	12	16	8	7	18	0	9	19
otu293	9	20	10	6	1	15	15	9	8	17
otu12	5	14	8	14	16	20	10	12	9	19
otu23	10	15	12	17	5	1	19	11	20	19
otu2717	9	3	18	12	5	4	17	19	18	18
otu479	5	1	11	2	11	11	17	3	16	1
otu2550	13	10	9	2	6	6	0	4	19	12
otu916	15	12	14	1	10	11	5	2	11	20
otu1556	7	12	4	17	7	2	1	2	4	4
otu700	9	3	7	5	11	16	7	15	2	10
otu1408	5	9	18	17	10	1	7	11	0	14
otu84	13	8	5	7	17	12	18	18	20	18
otu1560	2	11	13	7	5	1	10	19	7	0
otu1022	17	11	18	20	9	5	3	5	20	19
otu231	13	6	3	8	14	8	1	14	9	12
otu716	11	8	13	14	18	17	14	17	7	18
otu2643	0	15	8	17	13	5	11	4	6	7
otu2286	20	18	8	13	3	4	2	13	0	19
otu1526	9	15	12	19	12	16	19	13	10	17
otu156	13	16	19	14	20	3	12	9	15	8
otu1353	18	2	2	19	15	18	11	0	0	20
otu2727	15	2	8	16	11	17	17	6	15	12
otu2599	11	13	12	15	6	13	18	20	15	15
otu749	8	18	19	7	1	13	17	1	6	9
otu216	20	17	11	10	16	15	0	20	0	12
otu2366	0	6	0	3	0	2	9	0	9	8
otu363	1	16	14	1	18	12	20	20	7	5
otu1692	13	8	1	16	0	10	19	9	0	9
otu302	10	15	11	11	1	2	5	19	4	15
otu2965	2	8	10	8	4	5	20	11	3	20
otu2506	16	3	17	3	8	3	2	12	7	19
otu1767	18	16	6	20	12	12	1	17	17	9
otu2724	20	20	18	11	8	12	4	0	15	17
otu1823	11	2	11	1	14	8	2	9	19	6
otu2278	14	12	17	15	9	12	0	1	11	8
otu388	16	20	3	16	20	16	18	16	14	12
otu2010	18	1	4	15	15	15	16	1	16	0
otu1785	16	7	15	13	5	19	2	15	19	2
otu1515	18	9	3	0	6	13	12	9	2	6
otu2551	12	8	16	19	9	8	0	15	9	13
otu1073	2	19	17	5	6	15	4	8	11	8
otu820	13	10	20	10	1	9	17	7	5	6
otu913	15	10	1	10	16	6	5	0	8	0
otu19	3	5	15	19	7	13	8	4	8	15
otu1933	4	20	18	0	4	1	19	5	6	3
otu294	14	20	7	4	6	6	3	3	17	8
otu271	20	14	9	17	12	15	2	7	15	11
otu2596	7	19	7	17	1	14	14	15	6	6
otu1026	8	10	17	19	11	19	0	20	15	11
otu641	7	15	3	7	20	3	18	9	8	18
otu2251	7	6	12	20	7	14	1	8	9	7
otu2789	8	3	11	9	4	5	18	16	8	17
otu772	4	15	17	3	6	8	0	0	8	2
otu1434	8	14	8	19	17	17	8	1	4	13
otu1721	13	11	14	2	3	16	16	1	4	6
otu1061	10	13	6	3	9	9	17	2	10	10
otu1131	15	12	4	12	16	5	0	8	16	0
otu1756	2	4	10	10	0	17	16	12	1	13
otu1985	13	20	8	0	15	6	2	16	6	14
otu2608	18	10	9	3	15	13	2	18	20	5
otu1185	12	16	17	14	14	10	12	20	13	1
otu2262	8	2	20	0	8	17	10	0	12	14
otu2810	8	2	8	18	12	7	20	7	9	0
otu2568	4	1	17	8	1	1	20	14	7	13
otu872	9	4	10	9	8	11	7	5	2	8
otu2267	6	19	19	8	20	14	7	10	13	9
otu1876	14	1	5	9	4	7	18	20	5	12
otu2956	9	11	1	11	7	13	20	2	9	12
otu65	16	19	1	0	13	1	18	3	15	18
otu2663	8	10	3	3	18	5	16	6	9	13
otu1597	11	6	3	11	13	8	10	20	16	16
otu781	19	14	9	13	6	1	6	1	5	11
otu1736	17	18	11	9	8	3	17	15	11	3
otu2340	14	18	6	5	7	17	8	2	13	2
otu1620	20	3	8	12	15	10	17	0	1	14
otu2685	12	0	1	8	12	1	18	3	17	13
otu426	15	6	14	19	13	0	17	1	13	5
otu1803	19	17	10	17	5	8	1	6	0	20
otu1735	3	6	6	8	5	6	14	19	3	12
otu2888	15	0	20	18	1	18	11	6	16	5
otu631	15	18	7	11	10	5	16	11	12	14
otu2258	10	3	9	15	5	12	17	8	20	0
otu319	17	12	18	13	0	19	5	0	7	5
otu1034	2	16	11	10	17	14	16	5	3	0
otu826	7	16	20	1	8	6	1	15	15	4
otu1332	10	18	16	20	18	0	2	11	12	0
otu1795	13	9	9	8	2	14	17	18	8	7
otu623	12	5	11	3	6	3	6	2	4	17
otu1905	2	4	17	14	20	6	2	3	12	4
otu1534	4	3	19	14	18	4	18	16	1	17
otu168	4	4	0	13	15	0	13	19	6	15
otu1246	5	13	15	12	19	5	5	15	13	14
otu804	17	7	9	6	9	4	9	9	15	18
otu885	13	5	2	15	9	2	0	20	10	20
otu1816	12	2	8	10	5	12	6	20	1	13
otu2917	13	4	0	4	20	5	1	16	2	19
otu2532	16	2	19	7	0	9	20	4	0	20
otu1593	0	15	16	8	20	6	6	19	2	12
otu2438	3	15	18	10	17	11	13	16	7	16
otu1326	0	3	14	14	13	7	19	11	9	13
otu326	13	15	4	18	5	17	8	1	18	0
otu410	17	6	15	0	3	16	2	4	7	15
otu1186	1	19	5	18	6	13	8	14	2	7
otu2832	2	13	20	15	17	8	10	6	5	0
otu1723	17	7	7	14	5	1	7	17	5	12
otu1935	3	19	20	6	20	1	10	7	14	5
otu1559	13	11	2	15	15	18	3	6	18	7
otu2848	2	14	1	5	8	7	10	1	17	14
otu698	18	4	0	7	18	14	20	12	9	8
otu2015	17	8	6	12	6	3	17	19	8	6
otu861	7	1	6	6	3	3	18	12	8	3
otu2853	2	1	7	16	10	18	7	19	6	14
otu1409	16	0	17	9	11	20	2	16	7	12
otu2529	17	11	11	1	0	19	9	5	11	14
otu2788	7	18	12	6	15	15	5	15	11	11
otu2974	9	15	0	6	19	18	13	9	12	10
otu2723	5	18	5	8	11	4	14	12	20	1
otu1361	15	0	3	5	10	16	5	11	7	15
otu691	6	6	12	15	17	19	10	18	4	20
otu1089	0	16	0	13	7	9	0	11	18	2
otu1272	7	2	3	14	16	18	20	4	20	1
otu2492	4	4	7	4	20	8	14	13	2	0
otu2426	16	4	12	18	13	6	20	11	7	5
otu1300	9	12	7	8	8	13	13	14	11	0
otu1071	5	6	6	7	5	17	5	14	3	18
otu397	9	16	9	4	6	12	10	11	10	19
otu1547	13	17	19	2	10	20	10	8	0	1
otu96	4	17	7	20	20	3	13	14	11	9
otu937	11	15	18	12	4	20	15	6	6	15
otu2336	8	10	12	6	0	16	1	16	11	8
otu600	15	4	16	9	11	18	5	6	20	4
otu2198	14	7	14	9	2	5	11	20	2	7
otu2356	8	13	18	0	17	12	3	4	20	0
otu904	8	2	20	14	0	17	9	20	0	11
otu2362	10	2	11	8	11	13	9	15	4	12
otu1285	18	18	17	4	8	4	18	20	2	0
otu464	14	10	13	12	16	1	5	20	4	13
otu2257	19	8	16	16	17	13	13	15	20	1
otu771	9	13	10	4	17	11	5	10	12	3
otu1827	12	14	10	13	7	9	12	4	9	8
otu873	17	19	15	3	20	14	6	16	15	12
otu1081	3	20	13	2	14	4	7	15	0	19
otu1787	18	5	7	4	8	13	10	16	3	8
otu158	19	12	4	6	17	15	12	12	19	6
otu1259	17	15	19	20	17	4	13	17	5	5
otu1184	6	3	7	4	1	12	13	7	5	19
otu537	9	7	16	5	11	12	2	4	11	14
otu2354	8	16	1	8	13	6	18	12	7	1
otu2702	13	5	19	3	0	7	14	13	15	5
otu1504	11	16	0	5	2	1	3	0	8	17
otu1489	15	7	5	18	12	12	4	20	10	17
otu2661	18	12	15	10	4	7	15	12	5	15
otu2715	13	19	18	19	3	16	16	17	13	8
otu119	2	8	7	5	4	12	14	5	11	13
otu2117	10	11	10	4	16	7	4	14	15	11
otu1367	10	17	15	12	8	8	15	10	3	9
otu2086	11	0	1	9	18	1	1	19	0	0
otu704	19	16	15	2	7	1	14	10	2	2
otu897	20	5	12	5	0	16	19	11	6	13
otu1191	14	14	20	1	20	10	3	7	3	13
otu1287	0	8	1	9	12	19	2	18	1	14
otu2691	17	16	10	18	9	17	1	15	6	9
otu2722	5	2	8	5	10	1	0	4	17	7
otu357	19	0	19	5	11	6	17	8	1	11
otu1908	6	19	18	11	12	3	14	4	3	6
otu1895	3	18	17	12	5	13	8	14	13	7
otu211	4	4	8	6	12	3	7	4	20	19
otu2254	6	16	16	14	17	5	17	8	17	4
otu2863	18	8	17	13	2	1	5	1	13	11
otu779	7	18	13	10	2	15	9	14	16	15
otu166	0	6	4	9	4	19	6	15	13	11
otu991	20	15	12	13	3	5	16	3	8	13
otu2622	5	14	17	9	5	18	8	14	17	16
otu2287	12	4	18	9	4	16	11	6	9	13
otu1399	10	15	20	5	4	6	0	7	15	13
otu478	12	10	5	15	18	4	5	0	11	5
otu1257	18	10	13	4	10	6	7	6	15	14
otu2313	6	16	9	8	3	8	16	15	7	14
otu1454	18	17	11	8	3	19	12	18	13	10
otu954	9	1	0	4	10	15	1	11	10	17
otu475	2	10	18	10	8	19	2	7	18	0
otu1844	16	12	0	0	19	13	5	1	5	9
otu2184	0	4	6	9	4	12	19	7	7	15
otu2318	15	20	5	0	19	13	13	5	10	19
otu992	1	1	0	8	1	7	11	5	10	12
otu2005	0	20	5	13	5	4	10	17	15	17
otu2912	2	10	3	9	15	1	16	8	13	18
otu1689	8	16	1	8	5	5	5	3	16	0
otu2483	10	9	2	5	9	4	20	12	4	19
otu2006	5	12	1	9	5	10	0	13	7	4
otu570	14	11	2	1	17	7	20	10	19	4
otu801	6	2	11	14	5	8	5	16	10	10
otu1987	6	6	12	19	8	18	8	18	6	7
otu301	8	10	11	14	4	4	5	18	11	3
otu2669	5	13	8	14	0	20	13	0	4	10
otu612	6	14	2	9	20	2	19	1	3	18
otu2531	2	8	18	16	6	0	7	3	17	20
otu2085	7	11	12	1	2	11	3	19	8	2
otu1091	11	2	1	2	6	19	20	4	0	7
otu1835	17	4	17	4	10	15	16	8	7	5
otu2901	3	1	12	1	19	7	3	18	5	15
otu1446	10	2	2	12	1	10	1	4	4	6
otu1863	7	10	20	3	4	16	1	3	10	14
otu58	16	14	5	6	5	7	17	9	14	13
otu176	12	5	7	1	2	8	1	0	13	19
otu1013	14	2	13	6	10	2	19	14	10	18
otu1889	7	12	4	4	8	2	8	13	6	8
otu2261	19	18	10	13	4	3	20	10	16	11
otu2303	20	3	10	13	6	1	4	9	17	0
otu1944	0	10	14	19	7	17	17	12	0	13
otu3	3	8	16	13	7	0	7	17	2	14
otu2466	1	5	17	0	15	17	20	9	10	10
otu551	13	18	4	13	4	18	4	19	3	18
otu1830	4	15	16	3	5	10	12	0	15	15
otu1283	20	9	16	18	20	4	4	8	1	3
otu2454	20	20	8	11	3	6	4	2	0	16
otu2109	11	2	9	6	8	16	7	3	10	15
otu80	17	19	16	16	9	1	4	10	12	12
otu1204	16	8	2	9	14	8	5	1	0	19
otu2671	11	11	6	1	20	7	1	12	19	11
otu2260	8	12	9	16	17	16	19	9	9	14
otu1738	17	20	8	8	1	20	13	8	0	5
otu2175	16	14	14	3	5	16	8	10	0	3
otu634	9	13	11	11	13	15	10	12	5	1
otu1973	11	1	5	10	11	7	2	4	13	20
otu1640	0	1	6	18	14	3	8	11	16	8
otu1875	9	5	18	10	3	3	20	13	13	9
otu277	3	13	10	0	16	12	19	10	2	16
otu1416	7	13	18	12	0	2	7	12	13	12
otu1998	8	16	20	18	6	3	12	18	16	19
otu2910	0	1	8	9	14	17	2	3	2	3
otu2935	6	13	12	13	19	10	19	4	20	13
otu1919	6	14	0	6	18	4	19	11	0	0
otu1658	2	14	15	0	14	6	5	6	11	1
otu2328	11	4	19	4	7	17	20	12	2	10
otu1472	6	15	9	18	5	16	3	14	17	17
otu1977	5	4	20	8	6	0	10	1	3	10
otu2600	1	5	18	4	3	4	11	9	19	5
otu867	5	18	2	8	15	19	5	20	12	6
otu2498	8	3	13	7	12	12	13	16	9	5
otu919	6	19	8	6	9	7	17	14	13	13
otu563	13	19	17	19	13	11	13	18	17	19
otu2973	3	7	10	3	0	14	10	20	14	4
otu1638	18	7	3	14	7	20	18	5	0	15
otu2840	8	20	15	3	10	7	4	15	13	20
otu2649	2	18	3	4	11	15	2	15	2	11
otu766	5	5	4	14	19	5	4	11	14	9
otu1558	15	5	3	0	16	0	16	20	19	10
otu2790	1	11	18	7	0	5	13	18	6	15
otu1717	20	14	5	16	8	0	20	8	1	8
otu2383	13	1	8	7	15	17	15	12	8	13
otu1647	20	12	10	20	18	0	13	6	7	1
otu1135	7	7	15	4	15	9	17	14	16	7
otu138	8	16	20	4	4	1	9	10	20	19
otu1205	19	2	8	18	1	1	20	4	16	13
otu1145	5	9	1	19	8	6	5	19	1	9
otu1344	15	14	20	5	15	10	17	20	12	4
otu2839	2	9	2	8	8	15	5	0	15	8
otu1871	10	3	4	18	10	1	15	13	11	0
otu2031	4	20	17	16	1	4	19	5	4	8
otu1682	1	13	14	10	13	5	8	16	2	7
otu2363	4	10	7	0	16	6	7	4	5	19
otu59	4	2	15	13	2	17	1	5	4	19
otu2420	16	20	14	3	9	18	8	5	4	6
otu969	19	9	1	6	9	10	12	7	5	8
otu911	18	0	11	16	7	6	20	16	3	4
otu282	18	18	10	0	18	0	6	4	14	18
otu2035	1	5	17	12	4	16	2	0	11	5
otu251	10	6	9	18	16	7	16	17	17	20
otu1664	13	12	2	5	8	13	5	10	17	11
otu2769	5	16	10	16	15	18	20	5	5	19
otu411	12	8	13	10	16	20	14	13	2	9
otu2355	3	6	17	7	14	9	0	7	16	20
otu579	16	5	17	8	6	7	1	5	16	5
otu2704	15	17	14	3	9	4	13	8	0	3
otu20	2	10	0	19	18	0	6	6	0	12
otu434	16	10	19	4	3	17	10	15	5	7
otu299	9	16	1	3	4	8	18	5	10	14
otu2394	18	2	13	15	2	6	5	5	11	19
otu1209	7	17	5	1	1	6	18	0	15	7
otu202	13	14	14	8	15	17	17	2	15	1
otu2764	13	4	3	8	7	5	17	18	1	18
otu624	18	18	17	11	5	2	3	2	10	16
otu893	13	13	16	16	4	17	13	17	3	1
otu2688	12	8	10	5	3	5	14	0	3	4
otu684	3	18	12	16	7	12	4	16	18	12
otu2716	15	11	11	20	0	18	8	8	18	16
otu995	15	10	9	20	5	2	7	15	5	16
otu1808	19	13	2	2	7	16	18	7	9	12
otu2706	13	19	0	5	16	7	5	14	1	4
otu487	3	2	17	19	5	0	12	14	6	0
otu2358	8	8	3	12	16	6	2	7	2	10
otu675	4	9	12	7	4	5	0	17	3	16
otu2676	5	8	13	1	7	10	16	18	7	10
otu296	10	0	20	13	12	9	13	9	2	13
otu1170	10	1	9	16	1	6	20	20	15	12
otu2809	13	20	18	7	0	17	5	16	1	9
otu409	14	7	11	9	4	15	1	15	16	4
otu455	10	19	7	15	15	20	8	19	15	2
otu1464	3	12	9	11	13	2	13	10	2	20
otu708	2	19	20	13	8	3	9	7	8	1
otu2080	1	1	1	18	5	5	3	13	15	11
otu2553	11	17	1	7	15	6	20	19	5	6
otu2939	8	20	13	14	11	6	7	19	1	4
otu513	4	13	19	19	17	16	0	17	19	9
otu802	19	10	16	2	17	14	18	11	10	11
otu2388	2	9	15	16	19	3	0	9	18	20
otu813	18	13	18	15	10	17	9	1	13	7
otu966	9	16	1	18	17	5	13	1	11	13
otu193	20	16	13	1	2	20	19	4	17	12
otu1395	11	11	9	20	6	8	20	3	12	3
otu48	3	16	18	7	1	0	13	11	17	8
otu191	11	19	9	6	15	17	19	12	14	7
otu2799	1	5	12	12	9	11	4	5	3	8
otu809	14	11	5	3	11	3	15	17	17	7
otu2945	4	3	9	0	12	18	4	16	19	19
otu1241	8	11	19	20	10	18	10	17	9	8
otu54	4	14	18	16	7	8	1	15	4	18
otu2308	12	13	11	10	2	10	6	17	13	2
otu415	11	6	14	20	3	5	2	15	0	7
otu2881	10	3	2	9	10	14	9	8	1	0
otu1828	16	11	5	9	4	19	4	4	11	3
otu848	14	19	10	9	16	0	2	8	19	15
otu395	4	4	1	4	16	8	2	4	9	15
otu86	15	16	4	19	12	1	14	11	14	17
otu1078	3	1	18	0	9	0	7	9	8	11
otu1120	1	5	12	14	4	10	19	20	11	14
otu2122	20	15	16	4	18	10	20	19	13	14
otu2107	3	7	7	9	15	20	9	12	19	12
otu909	8	14	18	19	1	5	19	0	16	18
otu1690	16	11	19	10	19	5	4	17	14	8
otu2147	7	14	1	7	7	7	4	4	1	18
otu1949	19	2	14	15	18	9	9	1	6	3
otu1519	15	6	12	0	16	7	15	7	9	18
otu1311	20	15	0	18	6	9	3	10	20	13
otu1402	9	8	20	2	14	9	15	6	13	14
otu1607	15	17	13	10	18	11	4	10	7	5
otu1798	4	8	4	2	17	10	9	6	0	16
otu2927	14	16	8	17	16	10	17	12	4	7
otu2798	16	7	13	19	13	0	20	0	4	12
otu2076	13	3	9	10	4	15	10	1	11	8
otu2327	17	0	20	9	20	13	16	2	20	18
otu621	7	11	4	16	2	1	17	3	7	16
otu672	7	11	6	3	19	13	12	20	17	17
otu1475	14	5	12	15	10	5	19	9	12	13
otu1398	2	10	13	7	7	7	4	1	2	0
otu2036	18	5	2	18	18	4	15	2	5	13
otu1772	0	18	4	12	5	14	5	10	12	20
otu408	4	8	12	20	10	2	17	8	0	6
otu1281	6	8	20	5	4	1	3	0	10	13
otu2089	15	0	13	5	18	4	2	17	3	17
otu2203	18	1	1	19	5	19	15	8	6	12
otu1576	10	8	14	18	13	16	7	16	19	13
otu699	9	1	15	18	12	13	13	18	9	0
otu2467	17	7	4	3	10	14	16	11	1	20
otu1847	9	7	8	20	1	17	13	14	6	10
otu2433	1	9	9	12	5	6	17	2	20	20
otu2576	17	8	17	19	11	16	18	14	2	20
otu1090	11	17	12	2	2	17	3	11	14	9
otu581	8	13	16	15	13	7	12	5	13	18
otu746	8	5	11	6	7	1	7	10	12	8
otu2642	1	0	13	19	17	17	10	6	1	1
otu1659	0	12	15	17	19	8	2	1	7	10
otu2707	15	6	7	2	18	4	3	19	6	16
otu1520	14	4	5	8	2	8	9	14	14	16
otu949	4	14	4	16	17	17	16	13	15	10
otu2463	8	1	10	0	10	7	5	8	18	17
otu2097	16	19	6	19	19	9	4	2	0	8
otu1198	20	14	2	19	12	6	3	15	17	4
otu1728	13	19	9	1	6	0	19	6	0	0
otu76	14	3	8	19	4	20	18	6	9	7
otu1147	14	19	5	10	9	7	1	14	10	5
otu816	15	11	1	7	8	10	7	2	1	18
otu870	11	3	11	17	9	14	8	11	9	1
otu1064	9	16	11	15	19	16	9	5	12	4
otu1643	5	16	7	3	19	2	12	1	12	20
otu1356	16	4	13	9	10	20	15	2	11	9
otu280	5	4	10	12	1	18	6	14	9	12
otu146	12	16	14	5	4	10	13	4	10	1
otu739	1	18	11	0	17	5	17	7	11	20
otu2317	3	2	14	20	19	4	15	7	1	6
otu2640	4	20	7	13	2	0	11	4	2	3
otu1897	12	14	0	5	15	3	9	10	15	11
otu2607	5	10	18	4	11	20	11	19	2	16
otu1178	20	8	12	15	20	4	3	17	2	12
otu577	15	17	12	6	20	13	10	9	12	19
otu472	7	0	20	3	0	17	6	14	6	10
otu957	12	11	16	16	14	6	9	9	19	4
otu2986	12	20	16	3	4	8	11	15	6	11
otu736	11	16	4	15	7	9	12	1	18	6
otu1993	8	9	3	6	6	13	20	17	16	7
otu1262	5	6	16	4	3	16	0	5	6	13
otu1060	0	14	2	6	14	17	9	20	17	3
otu1896	10	6	2	16	7	4	4	3	2	5
otu2631	1	20	5	8	2	1	0	6	8	10
otu2242	19	5	15	5	14	7	9	17	7	7
otu722	12	13	13	1	16	6	10	10	18	7
otu2697	16	10	8	3	12	20	9	12	17	8
otu28	20	19	3	8	19	6	3	8	6	20
otu2270	2	6	17	5	17	3	3	6	10	14
otu2333	1	14	16	2	4	2	10	4	7	14
otu340	11	14	11	2	19	0	12	12	4	1
otu1661	16	0	10	11	8	1	11	10	6	0
otu823	0	14	14	3	20	18	16	9	1	0
otu377	9	13	16	19	10	4	10	0	10	15
otu1379	15	7	15	0	10	5	17	13	6	11
otu2141	10	5	5	5	9	5	6	6	10	14
otu1683	3	12	11	8	15	19	17	19	5	18
otu517	4	1	6	5	18	15	5	9	1	14
otu2384	19	14	1	1	9	18	5	13	4	8
otu369	19	16	7	15	11	14	11	5	17	8
otu2208	11	8	11	19	13	0	18	15	0	10
otu1407	1	13	15	8	13	16	3	17	0	16
otu1652	14	2	4	18	2	17	2	7	16	13
otu2850	19	17	1	17	8	15	13	2	5	14
otu1746	14	20	11	4	4	13	19	3	4	15
otu2162	0	8	9	7	7	8	10	19	20	6
otu15	18	14	11	4	16	3	16	15	18	11
otu2730	4	1	15	4	7	15	9	12	1	16
otu239	20	6	8	16	12	4	5	11	5	4
otu651	18	12	10	1	0	8	6	6	19	12
otu1491	4	16	9	14	11	1	13	16	5	7
otu1495	17	17	7	3	13	17	5	5	11	13
otu2807	8	4	8	5	12	17	5	10	20	9
otu1030	15	4	9	3	8	3	5	1	1	9
otu715	10	20	0	5	11	11	15	17	17	18
otu2605	1	12	8	2	10	17	15	4	8	13
otu1086	8	13	4	4	10	1	8	16	6	8
otu1404	7	2	13	13	15	2	8	12	0	8
otu278	12	3	16	9	12	0	13	12	5	19
otu931	0	6	3	14	12	16	6	11	7	2
otu2964	18	9	4	0	14	20	16	8	9	18
otu1243	0	17	11	10	14	18	20	3	11	17
otu77	8	13	9	9	13	7	10	17	8	18
otu403	10	1	1	8	3	9	17	16	5	5
otu1095	16	8	17	18	1	0	5	2	11	7
otu1099	1	20	16	16	9	8	19	14	2	13
otu728	15	5	18	5	16	3	4	5	15	2
otu1042	7	14	0	12	13	18	10	1	19	8
otu2339	10	3	19	11	4	6	2	8	6	16
otu1076	2	10	4	3	9	2	5	14	8	13
otu2199	11	18	3	7	15	18	14	11	16	15
otu892	12	2	20	6	10	0	18	9	20	16
otu494	12	3	19	6	17	6	2	3	11	4
otu498	2	11	10	6	14	8	10	17	2	8
otu964	16	0	20	15	14	11	4	2	6	10
otu1527	0	18	14	16	2	3	16	5	20	6
otu1786	6	6	11	14	2	3	2	0	3	7
otu2558	16	10	15	10	19	13	6	3	9	10
otu605	17	14	3	15	16	3	2	2	2	11
otu1364	13	18	0	8	7	16	17	20	3	9
otu2054	0	20	10	13	3	15	0	2	19	13
otu1320	12	14	3	7	17	19	7	1	19	13
otu2314	7	19	1	8	10	5	20	7	1	17
otu2240	11	1	8	20	6	14	3	3	5	5
otu1757	15	17	0	3	2	8	20	20	16	16
otu2009	19	20	10	13	6	4	10	5	19	16
otu214	7	18	5	9	11	7	2	4	1	14
otu1080	7	6	0	17	1	9	14	9	9	13
otu2581	5	16	11	17	9	12	18	9	1	2
otu2521	1	11	10	1	0	12	17	5	4	0
otu1065	7	0	2	7	9	0	18	17	1	3
otu372	18	15	10	14	3	8	19	15	6	0
otu2410	6	16	15	14	6	5	16	17	11	7
otu2470	8	16	6	20	0	5	19	11	8	6
otu1972	8	5	17	5	12	4	1	19	8	7
otu696	17	11	8	1	17	4	3	4	2	7
otu1826	1	12	8	18	0	2	0	6	14	4
otu2	13	19	18	15	16	13	10	18	11	9
otu933	6	10	4	19	3	9	19	10	19	9
otu2827	8	12	9	19	14	19	1	13	9	15
otu64	17	3	16	15	6	2	4	3	17	1
otu1980	3	11	8	3	18	0	13	5	8	3
otu2237	5	17	16	10	4	3	15	9	15	4
otu1052	14	4	7	2	6	8	6	4	14	1
otu219	4	7	19	15	3	18	20	2	9	6
otu371	14	16	10	8	1	15	19	16	4	10
otu2021	17	2	0	15	1	15	9	14	12	11
otu595	0	8	0	17	2	4	18	13	7	17
otu1762	17	18	20	11	9	8	9	13	19	7
otu1583	12	1	14	20	9	8	0	5	7	4
otu2106	17	11	11	19	15	20	10	3	7	8
otu1443	15	2	19	1	7	12	11	19	17	6
otu2519	9	16	7	1	12	15	15	3	14	17
otu1992	10	10	0	0	6	12	10	4	12	2
otu2641	10	1	2	12	7	1	5	6	19	11
otu618	6	17	8	17	20	4	1	3	6	12
otu2860	0	20	12	11	3	13	11	4	2	0
otu2023	17	2	13	7	10	8	5	4	3	4
otu710	17	14	17	11	7	8	1	20	5	11
otu2604	3	8	15	4	19	2	16	4	13	13
otu1902	9	14	0	1	13	0	20	7	15	11
otu2033	19	5	20	18	2	1	3	15	6	12
otu1957	14	9	14	14	6	5	12	4	10	7
otu1467	15	10	10	17	4	1	2	1	17	1
otu165	5	14	5	15	7	12	7	10	17	1
otu606	3	16	17	8	9	10	13	9	9	9
otu1267	7	10	16	1	9	1	17	9	4	5
otu38	17	4	10	3	8	6	13	1	12	6
otu2404	8	15	20	4	9	9	3	20	2	18
otu2761	5	19	0	8	19	16	18	15	4	15
otu1687	1	19	9	2	1	1	14	11	10	13
otu567	16	12	1	15	6	1	12	10	6	7
otu1945	17	20	19	12	1	5	14	5	4	5
otu1002	10	8	18	16	9	5	18	17	9	11
otu2686	8	13	12	2	17	1	2	4	14	11
otu1258	5	12	5	1	18	18	12	19	17	19
otu1260	0	18	15	6	20	6	5	18	9	4
otu853	12	18	17	14	12	3	18	10	10	9
otu1067	20	15	17	3	3	12	19	13	12	1
otu1096	12	9	20	20	13	2	4	4	0	10
otu1168	10	2	7	6	1	0	15	11	18	1
otu1901	12	5	17	0	16	9	1	16	0	2
otu2501	6	2	5	4	1	13	12	15	5	13
otu1782	12	11	8	4	8	0	7	1	16	16
otu2213	18	13	14	0	15	12	20	19	3	6
otu1337	18	17	10	2	14	7	20	0	15	20
otu967	1	20	8	18	11	11	17	5	3	4
otu868	3	18	7	12	4	17	18	4	12	11
otu714	18	10	18	14	17	20	20	14	2	6
otu352	5	4	5	1	14	7	11	1	9	10
otu90	8	11	16	4	3	1	7	20	11	10
otu1543	8	12	16	8	18	12	20	16	5	3
otu1200	20	4	9	4	8	16	19	5	10	13
otu697	14	15	3	3	7	14	9	9	20	18
otu2066	8	15	1	19	0	15	10	6	3	19
otu1215	6	6	11	15	15	5	18	20	9	13
otu2249	16	4	9	5	16	11	8	3	2	3
otu2639	18	19	14	7	0	0	20	12	8	0
otu686	15	20	12	18	10	1	4	10	13	18
otu611	8	4	1	5	1	20	14	8	2	13
otu2515	16	12	0	10	0	17	0	12	19	11
otu547	5	14	7	7	8	19	15	20	14	5
otu2657	2	3	4	4	8	10	10	11	8	17
otu1391	9	13	12	18	12	16	3	0	11	4
otu1019	4	11	19	15	6	10	10	10	10	20
otu70	18	8	12	16	9	13	8	2	9	15
otu1656	8	2	4	16	4	17	15	1	3	5
otu2142	17	15	16	19	18	15	1	2	8	17
otu2130	17	5	20	14	12	1	8	20	10	7
otu1833	9	4	2	16	0	11	10	4	2	7
otu646	15	1	13	18	15	10	7	16	11	20
otu2230	18	14	20	19	8	16	0	13	17	11
otu2541	13	20	18	17	2	12	2	17	17	7
otu1669	3	6	10	10	1	5	16	18	16	19
otu2067	14	11	19	11	17	19	20	19	8	16
otu1301	19	19	12	20	7	0	8	4	1	13
otu2877	12	6	17	14	18	2	0	4	9	20
otu1074	0	1	12	18	8	8	14	12	8	14
otu2511	14	10	6	0	18	5	12	20	15	12
otu2312	11	10	9	18	14	16	2	8	9	5
otu306	16	13	8	11	5	15	11	11	5	1
otu175	15	10	5	10	20	20	2	15	15	8
otu1750	19	2	11	2	3	11	17	0	14	11
otu2536	3	17	20	17	0	0	15	14	4	18
otu2909	19	7	10	5	14	20	15	19	10	8
otu2217	17	14	13	0	0	0	2	17	3	10
otu2196	16	4	17	0	14	19	12	12	15	2
otu1035	17	0	6	5	0	9	0	1	6	10
otu1578	10	12	18	0	14	3	6	9	13	19
otu1244	9	10	15	3	15	0	20	6	5	6
otu1225	17	2	17	11	17	1	5	20	4	5
otu2679	5	8	17	4	10	6	2	8	15	8
otu650	18	12	5	16	10	17	6	9	15	15
otu2592	7	7	5	11	6	2	14	0	4	14
otu1619	4	1	1	4	3	4	19	19	14	1
otu2344	2	8	0	13	16	1	15	6	9	18
otu1160	2	14	20	7	7	10	2	4	18	11
otu320	5	9	15	16	15	6	11	5	16	16
otu189	7	0	20	0	19	9	9	18	20	0
otu381	2	11	19	18	20	4	6	12	13	17
otu706	7	0	20	0	2	0	18	4	14	13
otu2182	5	3	11	19	14	12	0	19	10	5
otu1484	2	12	2	1	8	7	19	16	10	5
otu669	15	19	11	8	3	3	17	18	2	3
otu520	2	2	3	12	20	17	6	16	15	4
otu458	13	12	13	6	17	17	13	14	8	1
otu924	13	11	13	13	6	12	18	14	11	12
otu572	19	5	13	5	15	2	5	6	11	4
otu2173	16	16	0	4	2	18	13	6	8	14
otu1680	12	5	3	2	3	2	10	3	16	11
otu958	14	14	13	7	17	15	20	19	16	11
otu2201	14	10	16	11	2	0	3	5	16	5
otu2999	15	14	17	11	10	9	6	18	6	17
otu484	12	11	7	18	4	4	18	3	2	17
otu1707	3	16	3	18	20	12	14	20	4	8
otu2735	12	1	8	19	11	3	10	13	15	7
otu2022	16	19	0	5	19	0	5	15	9	13
otu98	1	0	2	0	20	3	2	1	2	17
otu2567	0	12	17	18	3	11	18	20	9	14
otu658	0	13	20	6	5	7	2	16	18	6
otu616	1	17	15	6	5	10	1	17	16	11
otu912	6	19	15	5	4	7	0	1	9	2
otu1867	17	11	16	2	16	16	17	17	7	8
otu442	11	19	3	18	12	11	7	2	8	4
otu1327	17	13	6	13	13	19	2	0	9	9
otu1046	3	1	5	10	4	6	6	8	7	6
otu2187	10	4	7	9	3	0	17	1	7	16
otu2510	19	6	13	3	4	3	5	9	3	2
otu1857	9	12	5	14	8	7	17	1	0	4
otu1000	6	5	1	15	8	2	18	16	18	2
otu1106	12	6	20	10	9	7	16	3	15	6
otu1054	8	18	0	15	13	14	0	2	5	4
otu2566	11	9	20	5	6	8	6	16	15	8
otu2016	2	12	9	8	15	16	20	5	1	19
otu751	18	5	14	7	18	20	15	11	6	2
otu285	5	3	12	18	15	16	6	4	5	3
otu1790	0	1	5	11	3	18	19	1	7	9
otu1852	1	14	18	9	6	4	17	15	14	4
otu784	2	0	20	15	3	9	0	1	4	0
otu585	13	8	10	1	15	12	11	13	8	3
otu1710	0	16	20	2	3	8	13	10	13	17
otu1567	10	20	16	12	19	20	5	8	5	14
otu1247	11	5	18	7	5	7	12	1	8	14
otu34	0	9	12	1	2	2	2	6	9	12
otu2113	6	12	11	0	0	2	2	16	8	2
otu542	0	20	20	11	10	8	0	14	14	17
otu2664	5	15	16	10	18	20	14	1	18	6
otu2903	16	12	17	0	14	18	11	2	2	17
otu2623	2	5	9	12	5	15	2	13	12	2
otu2253	3	4	19	9	18	15	4	14	4	19
otu1335	13	9	3	18	1	8	8	16	2	14
otu2645	15	17	19	19	20	12	2	1	15	0
otu228	3	4	3	19	6	14	14	11	8	19
otu2899	6	11	12	2	20	1	10	12	17	3
otu1967	12	7	6	1	20	3	12	20	17	0
otu2364	0	4	10	10	14	14	3	10	2	6
otu1840	9	15	4	18	16	7	12	10	15	16
otu225	13	7	4	18	0	1	16	6	10	2
otu180	10	19	0	11	13	2	9	12	11	13
otu2989	5	9	4	11	13	6	20	10	19	11
otu2446	16	19	14	9	8	0	10	20	9	20
otu6	19	1	15	19	5	14	10	3	6	16
otu1503	11	7	19	15	9	12	6	14	12	11
otu1421	13	9	6	6	16	17	14	5	5	20
otu1698	0	17	11	11	17	14	13	2	18	15
otu152	19	13	2	5	10	1	2	8	2	6
otu2875	17	8	13	10	6	8	17	13	20	12
otu741	9	14	11	7	14	5	11	13	11	16
otu2144	13	4	18	2	19	19	10	3	10	19
otu865	19	6	9	8	16	10	10	4	4	1
otu207	4	9	1	18	4	13	12	8	16	11
otu2465	3	14	20	12	1	13	3	1	2	15
otu269	13	9	17	4	11	14	2	0	11	11
otu273	15	1	18	6	17	17	19	7	3	6
otu2770	3	14	6	1	5	1	3	2	0	10
otu1432	9	7	13	13	6	10	17	1	11	11
otu2918	15	19	20	13	14	10	20	9	20	14
otu2854	2	12	11	18	5	8	1	8	13	0
otu1193	13	19	9	9	17	18	8	11	2	9
otu1277	10	10	6	14	6	6	5	9	14	2
otu2044	1	12	14	19	10	10	19	8	4	4
otu2703	7	10	1	16	1	7	19	9	12	5
otu1188	11	13	11	9	15	6	0	13	12	0
otu622	3	13	5	19	10	13	11	3	1	11
otu2136	13	16	17	7	15	6	4	16	0	15
otu1381	6	10	16	8	6	12	13	1	5	11
otu17	14	8	10	8	17	10	6	3	8	14
otu2323	1	16	17	9	15	4	4	8	2	20
otu827	8	5	4	16	8	1	0	17	9	13
otu792	5	4	2	3	2	14	20	17	19	12
otu2346	13	18	4	20	3	9	7	7	9	2
otu453	8	20	13	6	17	3	14	0	12	16
otu837	12	7	7	15	19	13	9	9	7	0
otu1508	4	17	11	18	9	16	7	4	16	8
otu332	2	3	12	6	10	3	0	11	13	6
otu1058	6	8	15	6	5	3	19	13	18	9
otu887	19	9	9	18	0	19	18	12	8	20
otu1705	14	15	18	16	20	20	9	0	2	8
otu120	2	9	8	20	11	20	5	4	7	17
otu2544	3	7	5	16	19	11	10	12	13	13
otu2654	8	12	9	14	15	5	17	9	11	12
otu2104	5	14	6	11	14	18	13	7	13	10
otu349	19	18	20	19	1	4	9	9	13	19
otu2533	16	16	15	1	5	7	11	13	8	20
otu2443	16	18	3	3	8	12	1	3	9	6
otu380	8	17	13	11	3	5	11	6	9	13
otu2569	5	10	4	13	14	8	16	0	6	4
otu2092	15	2	19	18	19	19	10	18	7	9
otu2373	11	15	5	6	5	12	12	19	0	3
otu866	11	10	4	0	4	8	19	4	13	18
otu2979	13	1	11	20	20	4	1	17	15	5
otu460	14	9	0	13	1	5	5	4	20	5
otu1156	20	13	9	14	12	17	7	12	7	6
otu1083	4	9	12	7	3	10	7	2	8	11
otu2517	8	1	13	12	16	16	14	15	2	11
otu2526	2	12	19	4	15	13	15	1	10	6
otu2285	13	4	0	20	14	18	13	17	18	16
otu732	12	18	19	16	5	20	18	12	0	13
otu1713	3	10	14	5	6	12	14	18	16	16
otu1146	7	20	15	5	12	14	5	0	12	7
otu100	14	18	8	2	5	17	18	13	19	6
otu1507	17	7	0	9	2	20	9	0	11	8
otu1779	7	7	18	10	9	10	19	10	16	20
otu1041	11	12	16	8	6	17	16	9	5	17
otu1939	11	8	7	9	16	2	13	1	0	4
otu42	15	4	15	5	10	1	2	1	19	10
otu649	18	3	5	7	13	8	18	20	11	4
otu1955	17	11	10	16	3	1	0	11	20	4
otu1220	13	19	0	5	12	3	13	16	1	11
otu36	9	6	18	7	17	17	0	3	9	8
otu1176	6	15	6	4	4	12	1	3	19	19
otu2793	14	3	8	4	4	3	1	3	7	7
otu2245	17	19	6	9	16	14	11	2	3	1
otu777	6	12	5	0	16	6	5	3	9	4
otu729	9	20	7	19	14	5	1	15	9	19
otu283	8	13	12	2	17	19	11	12	0	5
otu975	1	20	0	17	19	18	16	3	6	0
otu2864	6	11	11	18	0	16	18	8	5	6
otu2030	4	15	0	20	12	6	11	6	11	14
otu1856	4	6	18	11	0	13	5	12	15	19
otu22	10	9	10	16	7	8	8	8	6	15
otu2520	10	4	7	6	13	5	10	4	8	2
otu880	0	11	4	19	1	2	19	12	9	7
otu1650	11	17	3	12	7	9	2	4	1	16
otu2256	2	3	0	8	3	10	19	2	20	13
otu480	11	16	5	14	11	9	13	8	14	10
otu2719	11	8	1	18	17	2	14	16	20	13
otu2365	5	17	11	4	15	12	9	20	11	7
otu1549	17	7	13	6	4	0	3	12	17	12
otu27	8	17	14	7	0	10	6	14	10	8
otu1675	20	12	3	5	6	16	10	20	20	7
otu783	13	14	17	10	16	15	14	0	18	12
otu767	6	5	20	19	20	12	10	6	1	5
otu1922	9	18	16	3	2	7	1	15	4	19
otu2953	7	9	17	8	19	4	10	9	13	19
otu1004	8	20	0	8	2	19	15	14	18	10
otu2681	20	9	3	18	9	6	7	7	16	12
otu2246	17	11	12	6	7	3	15	5	10	9
otu1943	1	5	4	10	10	9	18	0	6	15
otu2205	12	6	10	3	20	19	7	3	13	5
otu2401	17	3	19	8	3	11	17	15	20	10
otu1737	15	13	11	14	0	1	0	4	0	17
otu2351	6	8	2	16	14	16	15	6	7	13
otu386	14	4	6	11	16	13	16	10	4	4
otu2720	0	11	9	6	16	7	16	8	17	6
otu1256	19	13	14	8	2	10	1	7	8	18
otu2950	10	15	20	13	5	18	7	3	10	1
otu499	16	20	9	1	13	20	1	14	17	15
otu1392	2	13	14	10	0	0	8	13	15	6
otu1813	17	16	0	1	14	18	20	15	13	2
otu1006	1	1	0	7	13	2	9	10	16	13
otu633	5	11	13	13	19	14	11	5	3	18
otu2981	6	3	18	0	17	15	4	9	17	20
otu2601	20	17	8	9	5	16	6	9	7	2
otu2093	14	10	5	9	15	7	16	16	17	13
otu422	4	9	10	5	14	7	0	4	1	10
otu1288	18	9	12	4	14	2	19	12	10	3
otu961	2	14	1	7	10	20	14	17	1	12
otu1369	10	13	4	1	0	4	0	0	9	9
otu2222	17	13	20	0	15	11	6	5	14	6
otu2844	16	4	1	17	12	18	6	3	15	0
otu519	15	18	20	2	8	16	7	14	19	8
otu1555	3	4	0	15	12	2	11	11	15	10
otu1775	17	2	12	13	19	10	12	2	8	6
otu1927	16	13	4	3	12	10	17	5	15	4
otu1912	7	9	12	2	10	14	8	13	20	6
otu2001	0	4	9	9	3	16	2	10	13	19
otu2018	9	9	2	16	0	12	16	8	9	11
otu925	20	5	6	10	7	16	16	16	20	9
otu1639	14	5	13	15	13	7	14	13	19	17
otu2081	9	16	18	0	12	12	6	5	18	8
otu2084	15	13	4	7	12	12	5	9	15	3
otu2138	14	1	6	11	8	20	17	20	11	17
otu2970	5	1	6	9	18	0	3	2	16	12
otu1561	13	2	19	18	15	20	5	19	3	5
otu330	17	0	3	4	18	9	9	13	4	7
otu1552	20	6	4	1	9	2	16	20	1	7
otu785	9	12	10	9	0	6	3	15	11	17
otu142	19	9	12	3	16	0	12	3	11	1
otu1873	16	4	19	14	20	12	0	16	1	5
otu1521	8	20	20	3	2	5	3	8	8	15
otu2968	7	3	9	6	1	1	11	0	13	13
otu2951	13	12	15	10	5	17	15	8	9	16
otu317	16	2	7	4	4	4	15	13	1	16
otu378	8	6	19	9	7	7	0	1	12	2
otu1811	11	7	8	14	17	1	14	14	18	18
otu1965	11	15	14	20	3	10	14	16	7	18
otu1732	16	1	14	4	4	15	10	10	6	13
otu694	8	15	8	4	17	11	12	12	7	5
otu2504	14	9	16	16	13	0	5	13	7	5
otu2527	4	9	1	1	13	17	15	1	2	10
otu401	11	14	14	11	20	3	13	5	5	20
otu469	3	4	13	16	5	18	2	14	11	4
otu1384	4	0	3	20	6	9	0	12	6	11
otu2732	5	0	5	2	16	6	9	0	7	7
otu147	19	12	10	17	9	1	1	13	19	4
otu2866	10	15	15	7	2	16	13	7	15	11
otu2310	1	6	10	16	17	14	12	15	12	8
otu2332	15	5	1	1	10	7	11	20	4	5
otu383	3	11	12	8	2	6	20	6	19	5
otu2655	19	18	3	7	6	2	8	0	4	6
otu2806	5	16	16	1	10	18	9	9	14	15
otu113	1	10	14	16	19	15	19	15	7	8
otu825	17	3	18	17	3	13	11	14	17	17
otu117	13	7	15	6	8	9	7	6	17	10
otu1796	0	0	15	9	13	9	17	11	19	7
otu1233	1	11	2	0	20	2	18	13	20	13
otu1568	9	10	5	1	16	1	15	14	18	9
otu797	12	14	1	8	0	15	1	19	10	13
otu94	2	8	1	9	14	15	15	16	12	1
otu2359	3	8	8	3	11	2	4	2	5	19
otu929	7	19	11	18	19	16	8	7	20	4
otu135	12	13	7	12	14	3	19	8	18	17
otu221	7	8	14	4	9	15	15	5	2	18
otu1245	9	1	11	14	14	1	5	10	20	8
otu1832	7	1	17	20	2	8	17	14	8	2
otu1450	7	12	13	5	20	4	18	0	13	8
otu2235	12	1	19	11	16	19	7	19	1	3
otu1161	15	14	3	13	3	15	7	9	3	2
otu2389	1	4	11	10	10	20	2	7	11	19
otu1541	9	18	16	5	13	20	12	10	11	4
otu1127	14	8	18	13	19	14	2	11	6	6
otu2946	18	11	2	8	10	13	2	14	18	7
otu2456	15	0	5	3	10	3	7	16	10	13
otu2725	18	3	4	10	8	6	11	14	17	10
otu1279	10	20	13	5	2	1	2	17	3	1
otu402	8	3	18	1	3	10	20	7	8	2
otu1368	16	18	17	18	5	2	4	16	10	14
otu373	8	7	16	17	18	14	12	15	19	6
otu2984	19	13	16	7	0	18	13	2	4	6
otu2176	6	19	16	16	16	3	3	2	8	3
otu2620	9	0	14	14	3	17	4	17	3	7
otu670	13	8	1	13	5	11	14	8	2	2
otu290	10	10	17	17	15	1	19	10	12	12
otu506	20	18	8	8	1	8	18	0	15	2
otu375	17	3	17	10	11	11	14	8	16	7
otu899	1	18	5	1	15	7	6	3	5	6
otu2392	5	7	16	19	19	15	8	20	3	7
otu2802	15	17	17	1	0	1	6	15	18	14
otu2276	1	13	3	8	18	5	20	6	18	17
otu2134	14	14	12	12	6	11	14	16	0	9
otu2749	20	16	20	1	13	10	2	19	5	4
otu568	17	16	8	2	0	4	1	10	5	19
otu835	16	20	19	18	14	1	17	7	6	8
otu1978	17	3	10	0	3	13	8	15	4	18
otu14	18	15	1	11	2	5	2	15	7	3
otu1655	7	13	10	10	6	11	16	19	9	8
otu195	15	3	10	19	6	0	20	7	19	16
otu1940	12	19	2	20	13	5	6	12	6	17
otu1608	12	8	19	2	16	1	19	12	6	5
otu1812	4	13	13	19	13	11	2	15	4	16
otu2447	6	17	8	18	4	7	10	13	7	0
otu105	17	11	16	1	16	10	5	11	8	10
otu1143	19	16	17	16	2	3	2	6	10	1
otu1174	13	4	6	0	20	17	18	0	13	12
otu2662	2	18	1	18	20	8	1	20	7	17
otu1214	13	9	0	16	12	11	16	8	13	18
otu140	8	13	11	0	1	7	2	5	8	18
otu1989	12	9	1	20	16	6	15	18	5	3
otu418	19	18	6	11	17	16	20	2	8	14
otu336	8	11	12	8	7	6	11	1	1	13
otu1470	7	20	1	13	13	3	7	10	9	10
otu2625	16	17	5	3	8	11	14	18	0	7
otu106	3	6	14	10	20	4	4	14	16	5
otu2151	17	19	14	16	2	11	13	7	5	6
otu1289	2	3	5	15	4	7	11	2	8	0
otu2878	3	16	9	2	4	2	18	10	14	3
otu2185	3	0	1	0	2	16	0	11	14	6
otu2402	9	18	4	13	9	12	7	11	18	7
otu1784	13	8	0	15	19	19	18	2	9	9
otu2083	17	16	15	11	18	2	8	2	12	4
otu886	9	15	20	14	12	18	5	15	5	20
otu1167	5	19	12	12	0	10	1	13	8	2
otu1739	15	18	16	16	19	12	11	20	20	11
otu884	20	0	1	18	7	14	18	8	1	17
otu1731	0	15	6	6	18	10	15	7	3	5
otu637	16	5	15	0	0	7	15	8	3	18
otu952	19	13	10	17	15	4	4	9	10	2
otu573	19	9	15	17	17	16	7	15	16	19
otu2926	8	8	5	7	19	17	8	8	17	12
otu2889	6	19	11	11	0	15	18	9	3	12
otu1991	10	8	13	0	19	5	4	15	14	2
otu1861	3	10	6	18	10	10	16	17	4	18
otu2746	2	16	19	20	7	18	19	18	5	4
otu1837	3	4	7	9	7	1	0	11	18	10
otu854	12	10	14	5	5	4	18	8	4	9
otu2583	7	7	17	0	1	13	17	19	19	7
otu173	1	0	14	4	19	9	11	6	14	5
otu226	13	1	0	12	10	12	10	13	16	6
otu437	5	5	19	15	1	13	18	3	1	5
otu1600	20	8	8	3	10	5	1	4	0	4
otu2491	13	19	19	18	15	20	17	9	17	19
otu2997	19	5	6	11	3	0	20	1	11	20
otu1039	20	12	10	10	14	17	4	7	2	16
otu1255	11	9	0	1	15	17	4	7	17	13
otu742	3	6	6	4	11	17	17	14	16	15
otu2976	19	7	16	11	16	6	10	0	3	18
otu1865	10	9	11	14	4	3	3	2	0	17
otu990	7	15	5	3	14	3	11	5	8	6
otu497	4	2	0	5	9	15	20	18	0	15
otu2857	11	12	11	20	6	3	2	9	8	6
otu874	19	5	7	10	1	14	2	2	12	20
otu2587	18	1	17	6	20	8	18	11	11	9
otu2991	17	7	3	0	9	18	7	1	10	0
otu1158	20	7	10	10	12	17	0	10	14	5
otu852	13	2	7	13	15	3	1	12	3	8
otu1229	11	5	19	7	14	9	12	8	11	10
otu1923	0	2	17	4	19	20	6	5	14	18
otu2188	19	6	17	7	17	13	1	8	8	19
otu640	12	4	2	17	19	18	19	18	9	18
otu1575	4	11	19	9	4	6	15	15	17	6
otu943	6	7	15	1	13	2	5	15	1	19
otu836	14	19	1	15	19	1	19	17	7	2
otu358	19	4	20	5	12	1	11	10	10	9
otu2949	14	8	3	0	20	7	2	2	17	5
otu2489	19	19	11	9	2	18	0	17	2	16
otu726	16	17	4	13	6	1	19	6	5	11
otu843	9	14	3	10	10	2	11	9	20	6
otu1554	4	15	14	16	10	1	3	12	19	4
otu1780	5	18	6	4	19	8	9	14	6	10
otu2588	15	12	8	18	14	15	13	12	3	10
otu2126	9	17	12	0	7	9	3	5	16	9
otu1010	13	13	9	19	14	17	11	8	8	5
otu2133	12	7	11	19	13	1	11	3	5	3
otu2883	20	11	16	3	17	12	15	4	5	13
otu1152	2	8	0	15	14	18	19	12	9	6
otu1182	6	4	4	16	4	11	3	8	1	2
otu501	18	7	11	15	4	19	20	20	14	7
otu1114	18	3	18	11	20	6	14	20	14	6
otu2612	4	9	2	14	20	12	10	6	9	7
otu787	13	2	16	3	17	14	11	7	9	9
otu1171	0	11	20	6	15	16	2	5	2	17
otu2855	5	6	13	6	4	15	7	0	5	16
otu1224	6	6	6	16	20	8	3	2	16	0
otu2955	20	8	10	10	20	20	6	13	4	3
otu1252	6	0	14	6	19	6	4	4	2	16
otu2293	5	17	8	11	11	20	15	0	3	9
otu288	20	4	9	5	19	8	14	4	13	10
otu518	7	20	6	3	19	4	20	14	3	11
otu354	7	8	8	7	10	18	15	13	6	11
otu2957	12	6	19	10	0	6	6	20	19	3
otu769	8	13	13	12	0	6	7	13	10	9
otu668	2	1	12	16	1	5	6	20	6	5
otu2972	8	18	4	11	10	4	1	16	0	2
otu1946	1	12	16	15	12	17	10	1	7	6
otu2231	15	6	14	10	5	17	10	15	2	7
otu1532	9	6	3	15	14	17	10	12	0	1
otu545	16	12	4	7	12	0	14	10	3	13
otu1108	18	17	5	8	19	17	7	4	2	16
otu2421	12	13	9	13	4	1	9	5	10	15
otu2090	9	9	18	2	1	4	1	12	0	2
otu2002	5	3	5	5	2	8	7	4	8	13
otu1457	20	10	4	3	1	9	15	6	0	8
otu1722	8	15	2	17	13	20	9	7	9	5
otu1376	14	19	14	8	9	10	9	17	6	11
otu1793	15	7	1	17	0	0	5	9	17	13
otu1292	5	8	14	8	8	20	9	17	15	20
otu648	6	11	8	0	4	13	6	17	10	4
otu431	18	4	12	6	7	7	14	2	12	5
otu2689	2	16	1	4	15	15	2	2	20	14
otu1681	9	12	5	7	7	16	2	8	15	13
otu662	20	16	13	10	3	13	13	7	13	3
otu1720	12	9	17	0	18	9	9	11	6	15
otu1427	4	10	20	9	10	17	6	9	6	17
otu775	13	10	3	13	9	12	19	10	16	11
otu936	6	8	15	18	17	10	7	19	5	1
otu85	18	6	10	18	17	8	15	10	17	1
otu938	13	10	3	10	12	17	20	19	18	5
otu2858	12	1	18	13	15	15	18	11	12	8
otu982	0	13	8	20	5	10	18	17	18	9
otu2940	14	0	15	7	3	3	13	0	6	14
otu1626	9	19	11	3	8	19	1	8	18	1
otu276	3	16	9	10	2	11	7	9	1	7
otu1797	4	8	12	11	9	17	19	0	4	13
otu533	13	7	0	4	10	15	19	6	8	1
otu1371	2	10	1	11	1	12	4	17	7	17
otu2585	8	0	1	14	16	20	0	3	10	7
otu491	12	6	19	17	15	12	6	15	10	4
otu2728	11	20	4	7	15	18	20	1	1	4
otu2406	18	1	12	19	17	18	17	12	1	16
otu541	2	14	1	5	2	6	2	6	7	10
otu1497	6	15	2	1	6	7	2	17	9	10
otu485	6	9	16	13	2	19	20	15	16	1
otu2885	8	9	9	20	16	11	13	19	5	0
otu1579	5	4	2	12	5	2	17	10	1	10
otu1479	7	7	17	15	6	2	18	4	19	16
otu1436	12	11	13	1	3	16	13	14	3	7
otu263	0	7	19	15	3	3	11	3	12	13
otu786	4	2	19	1	9	0	8	7	5	10
otu335	5	19	10	6	9	2	19	3	10	17
otu337	0	8	3	8	0	1	7	1	5	9
otu39	2	17	20	6	0	11	8	4	20	14
otu1533	14	9	7	17	16	10	16	14	10	20
otu1688	8	17	20	10	10	15	1	6	6	9
otu1141	14	18	20	15	17	17	20	16	19	9
otu2516	4	17	8	1	9	20	18	0	7	10
otu2407	15	4	9	15	4	12	1	7	19	4
otu1838	20	14	7	15	0	8	2	18	15	11
otu2024	2	4	13	3	12	0	8	7	10	1
otu2925	3	10	4	13	12	16	3	2	5	19
otu194	15	12	10	8	16	4	10	7	5	1
otu1582	18	13	12	1	9	16	17	0	8	20
otu711	3	5	2	15	11	4	0	9	20	20
otu1405	8	11	15	18	9	9	1	1	13	20
otu1718	3	13	3	14	14	4	8	20	15	19
otu405	6	10	13	17	16	10	6	11	1	6
otu639	6	9	8	0	10	6	19	16	15	12
otu262	9	16	11	14	8	12	11	9	7	18
otu1636	7	15	3	19	7	18	1	1	19	0
otu638	2	7	17	20	9	19	15	7	15	0
otu2818	13	2	1	9	3	7	19	2	15	19
otu2305	6	8	12	20	4	7	19	10	1	8
otu2265	16	20	5	6	10	13	6	18	13	8
otu1850	18	7	12	14	12	5	8	3	8	14
otu511	18	8	5	2	6	9	16	20	11	13
otu382	4	13	4	6	1	15	16	4	16	2
otu2123	1	12	13	10	15	20	16	10	15	19
otu744	18	14	11	18	16	20	0	4	10	17
otu1125	6	6	14	17	20	17	20	2	19	10
otu1882	14	7	3	5	9	8	16	16	16	13
otu2079	4	16	13	8	14	4	4	15	17	15
otu2547	16	9	8	5	17	11	13	0	12	18
otu1172	19	6	5	1	18	15	1	11	6	20
otu1674	16	14	20	4	17	6	9	13	17	13
otu129	13	2	17	7	18	11	7	9	9	0
otu417	8	3	0	2	0	1	6	16	14	16
otu2765	8	16	12	17	15	16	1	2	18	15
otu918	1	9	11	10	1	10	2	14	15	18
otu2824	1	5	5	3	2	5	19	9	12	5
otu1377	5	20	13	4	5	2	18	15	17	0
otu1753	15	20	8	5	8	19	12	8	3	9
otu467	16	1	13	17	6	14	3	8	12	15
otu613	6	14	3	19	5	18	3	6	20	7
otu1676	0	17	20	1	7	3	5	15	18	1
otu692	12	0	19	5	1	7	18	9	5	1
otu2919	14	8	12	8	5	12	11	10	1	12
otu539	6	12	14	19	8	14	8	14	2	11
otu1764	9	10	4	14	12	17	15	13	18	9
otu930	1	17	1	18	18	15	20	2	20	0
otu18	18	8	19	17	18	6	5	5	15	8
otu627	13	20	4	7	7	10	3	2	7	19
otu2284	5	6	11	10	16	19	6	15	12	16
otu2326	9	0	20	9	10	3	14	6	2	3
otu1778	12	14	7	19	0	10	8	9	20	0
otu1266	15	6	10	20	6	6	8	12	15	11
otu1802	18	5	14	16	3	17	12	17	15	11
otu421	16	15	17	9	5	17	1	14	4	15
otu321	9	2	19	16	13	12	11	9	16	3
otu731	14	14	10	7	4	0	0	12	5	7
otu2897	3	13	8	12	10	19	13	11	20	6
otu2221	5	16	11	18	4	4	7	7	7	7
otu580	20	8	16	1	6	8	10	5	12	12
otu818	16	15	8	9	13	5	2	1	4	0
otu2416	15	18	12	14	13	3	8	17	5	15
otu1325	10	12	0	16	11	7	1	17	4	11
otu2930	1	9	1	18	15	5	10	19	12	4
otu1216	10	10	12	19	16	20	19	12	12	20
otu643	4	18	17	15	6	9	17	3	13	5
otu2652	13	1	15	17	11	10	2	11	12	0
otu1420	19	7	8	19	2	9	7	1	18	4
otu224	12	15	11	1	0	12	19	20	12	18
otu2234	13	6	10	10	1	20	12	4	20	17
otu275	12	3	15	0	19	20	12	3	2	11
otu763	16	0	4	6	14	11	14	13	1	3
otu1557	0	5	7	11	5	12	16	7	1	5
otu1699	7	9	15	16	8	8	10	6	16	19
otu353	0	0	3	10	15	13	8	2	4	8
otu1236	10	1	10	14	4	2	10	0	8	15
otu971	1	10	11	18	18	8	1	2	15	7
otu1372	17	1	12	3	5	6	3	19	1	13
otu932	5	7	3	17	10	8	12	20	7	16
otu2938	6	13	15	5	19	10	20	9	1	8
otu40	12	0	11	14	9	0	4	10	7	15
otu1641	20	6	20	19	11	14	16	18	20	13
otu2319	16	9	10	12	14	2	0	18	18	11
otu71	8	12	20	0	19	11	18	1	13	13
otu1590	18	10	11	11	9	0	4	19	19	7
otu2478	0	18	15	7	20	20	6	14	2	2
otu2590	3	10	1	2	10	10	0	5	6	4
otu1452	1	1	19	8	4	14	3	18	17	4
otu2239	17	1	5	3	8	4	5	12	11	17
otu1684	8	12	17	1	15	5	14	4	15	19
otu1623	1	9	2	7	13	17	19	9	4	3
otu2068	0	7	4	14	12	5	6	3	4	18
otu1763	1	20	6	3	18	4	2	12	15	2
otu839	0	15	11	7	19	14	2	11	7	1
otu869	16	10	11	19	19	8	20	10	9	9
otu394	15	13	7	15	12	6	8	19	18	16
otu2996	8	9	14	12	20	3	11	1	9	15
otu941	6	5	17	16	19	10	11	10	10	15
otu575	15	12	14	0	4	14	6	20	12	2
otu679	10	8	2	17	16	7	19	10	6	16
otu1584	1	16	19	4	14	14	13	2	13	13
otu1480	18	18	18	13	20	3	11	16	1	19
otu1318	5	10	5	17	13	19	11	5	11	7
otu29	12	10	5	10	5	19	19	0	9	2
otu477	5	20	10	17	16	7	12	15	3	9
otu309	6	3	18	7	11	16	3	3	13	6
otu1150	17	14	2	14	10	17	6	5	18	14
otu289	18	7	17	16	3	6	14	20	12	11
otu2628	4	2	20	15	2	17	7	4	2	5
otu1581	4	15	0	12	9	6	5	10	20	10
otu1469	14	17	11	12	8	3	7	7	2	19
otu2128	20	18	13	15	0	12	16	9	12	6
otu1899	15	6	1	16	20	20	1	15	17	15
otu2129	20	7	7	19	2	11	2	16	6	9
otu2464	14	6	11	8	12	14	1	15	11	7
otu1548	3	20	5	1	17	13	10	15	14	18
otu2525	5	6	5	10	6	16	18	6	6	11
otu160	2	2	10	16	13	4	16	15	11	9
otu1755	17	5	9	3	10	5	2	12	4	19
otu2277	19	6	20	14	12	12	11	11	10	11
otu1330	3	1	0	3	7	20	8	12	17	8
otu1166	1	8	17	13	14	2	0	7	8	7
otu617	6	3	19	0	7	0	11	9	7	8
otu578	4	4	3	8	12	9	0	2	20	19
otu102	5	12	13	5	10	1	15	7	1	13
otu780	20	5	12	9	18	20	10	20	8	1
otu1810	12	2	15	13	19	10	10	18	17	20
otu338	14	17	6	2	19	15	20	17	9	1
otu2070	6	17	0	5	19	8	6	3	3	18
otu2634	8	14	18	3	1	19	2	12	10	19
otu1776	0	3	2	12	11	19	1	6	15	15
otu444	17	0	11	17	13	5	10	15	6	16
otu2729	1	8	16	4	0	11	9	20	15	5
otu5	4	2	20	20	11	4	4	8	19	3
otu311	10	5	6	13	8	8	13	20	10	15
otu55	13	3	17	7	0	5	16	3	19	17
otu793	1	11	1	8	7	13	10	6	14	1
otu628	20	11	17	20	3	2	4	7	13	16
otu307	15	16	8	19	16	20	3	2	14	10
otu2377	20	0	9	11	5	19	19	18	20	11
otu1834	19	7	13	15	13	2	10	5	17	19
otu2754	6	0	5	6	3	10	17	5	0	11
otu1113	0	12	14	6	1	12	7	2	2	1
otu824	16	7	14	13	7	14	11	7	5	19
otu1510	12	2	6	12	2	20	19	4	3	8
otu815	0	15	15	6	18	9	8	13	14	15
otu159	9	20	20	8	11	18	10	0	3	11
otu1878	2	15	4	17	18	7	12	0	19	19
otu235	10	10	2	10	9	0	12	14	7	5
otu2760	10	15	5	20	20	1	7	19	9	10
otu1449	11	15	2	20	20	16	17	10	2	18
otu1938	1	6	4	10	14	2	7	2	1	6
otu303	18	9	16	16	10	10	19	2	2	16
otu1310	9	19	14	6	15	3	17	13	11	1
otu10	11	2	1	5	16	16	0	7	2	18
otu980	13	5	18	14	5	14	3	1	4	0
otu2731	10	10	7	11	2	18	2	1	5	7
otu844	5	6	12	14	6	2	7	4	19	12
otu1322	16	10	8	3	6	8	10	13	6	12
otu2522	10	6	19	18	7	17	12	1	14	19
otu2003	15	2	2	10	14	19	1	16	0	8
otu2112	5	18	20	17	20	12	14	7	17	20
otu2586	7	3	9	9	7	7	6	19	18	8
otu2116	6	14	1	17	18	9	1	13	1	13
otu2894	15	11	14	17	15	4	5	9	0	5
otu2782	7	15	3	5	15	4	2	18	14	9
otu1979	13	18	8	7	5	0	16	3	20	2
otu1253	15	5	14	3	18	15	17	0	6	12
otu2646	17	5	8	11	16	16	9	13	19	8
otu1804	5	10	20	4	10	2	11	17	4	3
otu678	15	20	12	7	16	13	11	13	4	20
otu1773	12	5	16	12	7	18	12	3	14	11
otu1768	20	11	10	15	14	17	1	13	20	3
otu2847	10	6	7	2	7	13	0	13	6	14
otu304	0	5	18	19	9	15	10	3	13	0
otu2102	7	13	11	18	5	15	20	14	14	5
otu1268	7	6	9	19	20	3	14	16	20	12
otu2096	20	2	0	9	6	16	11	12	20	1
otu996	4	13	5	6	3	13	13	5	9	15
otu154	6	15	5	2	15	12	1	11	17	5
otu1187	15	9	15	8	17	19	10	12	3	0
otu2105	0	12	2	1	18	12	16	16	14	11
otu2290	1	13	12	12	5	2	9	16	9	12
otu1293	16	14	12	0	6	12	1	17	14	20
otu2148	6	10	11	6	8	12	6	18	1	0
otu389	6	11	0	6	4	7	4	14	10	17
otu2636	4	2	20	17	15	10	14	20	20	11
otu1333	3	10	3	1	11	13	3	13	2	8
otu2347	3	20	5	11	9	20	12	10	11	19
otu1412	20	15	6	13	14	1	17	12	3	7
otu279	4	16	13	7	20	11	20	9	3	3
otu136	0	2	5	9	6	7	13	18	4	20
otu456	8	8	14	13	0	16	13	13	6	15
otu702	10	16	4	3	4	17	14	15	12	16
otu2159	5	16	9	19	12	10	8	11	17	0
otu2871	5	0	14	16	13	5	20	3	7	0
otu183	9	5	18	0	12	13	3	7	5	10
otu2353	1	0	18	18	8	14	16	20	18	20
otu295	5	17	2	2	3	11	13	11	17	11
otu2594	0	4	9	5	11	12	13	6	1	20
otu2065	9	6	15	0	7	0	15	9	7	16
otu2499	1	7	20	3	13	2	11	17	20	4
otu4	19	4	2	20	1	5	13	3	19	3
otu2538	5	15	19	20	12	0	18	12	17	4
otu922	16	15	7	13	0	19	6	15	2	11
otu2204	15	19	14	10	4	15	1	6	17	18
otu2738	11	11	2	16	11	18	15	14	15	20
otu1819	5	3	20	20	9	19	9	1	18	6
otu1016	0	16	18	17	15	16	0	4	11	9
otu1389	0	8	6	14	12	4	8	19	17	8
otu1648	11	5	17	4	2	7	20	12	13	11
otu420	10	4	4	16	0	16	13	14	5	3
otu705	20	19	5	9	15	1	15	19	11	0
otu571	1	8	2	17	7	19	19	19	10	19
otu62	3	0	19	19	8	6	18	20	4	17
otu727	9	18	1	18	14	14	12	18	19	17
otu1453	3	11	8	20	14	14	0	1	8	19
otu536	3	11	12	8	20	5	9	14	14	12
otu1879	9	4	16	0	5	2	14	11	15	1
otu1365	13	17	4	0	10	18	11	20	5	16
otu589	9	17	18	12	14	10	5	18	16	10
otu709	15	1	17	14	2	18	9	3	16	13
otu564	15	11	16	5	17	4	7	9	16	14
otu915	19	12	15	13	8	15	17	15	18	10
otu2574	17	16	6	8	1	2	8	19	3	19
otu192	15	14	19	2	13	12	18	11	12	16
otu2094	1	10	16	5	20	16	6	6	16	2
otu1783	17	16	2	7	5	9	5	10	11	6
otu2164	3	3	20	16	13	0	20	10	6	0
otu1518	2	10	15	11	7	14	9	20	3	8
otu2737	6	6	3	7	12	5	6	9	0	13
otu2990	0	19	7	15	14	17	2	5	10	2
otu68	0	17	8	20	0	16	5	2	17	0
otu2169	18	17	14	9	13	4	11	12	14	1
otu503	10	6	12	18	14	11	9	9	5	7
otu2690	18	18	8	17	17	9	19	1	19	17
otu2911	8	13	3	20	6	4	18	15	6	17
otu2879	3	20	11	16	4	7	17	2	19	4
otu46	10	14	2	19	15	15	1	8	1	18
otu2584	4	3	18	1	6	1	7	7	3	1
otu576	7	9	19	9	11	1	19	3	0	19
otu2907	5	8	4	20	2	14	9	0	12	5
otu1251	20	1	16	7	16	12	8	10	17	14
otu1	4	9	15	1	2	17	5	5	1	1
otu665	19	4	12	9	2	8	2	12	7	16
otu2713	6	8	5	1	9	12	1	20	5	15
otu2495	12	1	12	15	1	9	4	0	6	5
otu1162	14	19	6	19	13	1	11	17	4	3
otu671	10	4	6	3	3	14	17	19	7	8
otu553	18	3	1	2	0	6	4	17	8	8
otu1845	17	19	12	8	17	16	9	2	19	7
otu163	4	13	7	17	16	17	2	6	9	6
otu507	10	7	6	9	11	5	1	14	19	8
otu134	3	12	19	11	20	18	6	11	7	17
otu1375	20	2	14	5	7	0	13	7	7	8
otu441	4	8	3	1	0	2	17	11	15	8
otu1340	13	17	1	12	5	14	3	6	3	4
otu846	11	2	20	16	16	14	3	4	5	1
otu834	17	19	5	15	13	19	1	5	10	8
otu2675	0	7	5	19	20	5	4	14	0	17
otu947	1	2	15	5	14	1	0	8	3	16
otu1023	0	6	20	1	7	14	10	20	5	5
otu2461	17	8	5	0	8	18	9	19	1	15
otu2629	5	4	5	7	18	18	12	19	14	11
otu1759	20	16	2	20	3	17	10	12	11	12
otu331	7	0	11	1	4	10	16	12	10	15
otu43	19	14	10	1	7	6	8	16	19	0
otu170	7	8	20	3	20	7	0	10	10	4
otu2029	13	18	3	17	7	12	15	15	4	0
otu2822	16	7	13	6	8	17	2	17	17	14
otu1990	9	6	11	10	8	7	12	19	5	10
otu414	1	11	3	4	16	13	7	4	7	18
otu1128	15	0	11	9	4	9	16	6	19	6
otu2139	20	18	16	16	1	10	4	14	5	20
otu2842	14	6	12	7	1	18	5	9	12	8
otu241	14	8	0	15	1	10	17	4	3	0
otu240	11	2	4	15	5	17	2	13	14	20
otu2127	10	20	11	12	2	7	7	3	13	0
otu2165	15	19	1	12	10	17	1	2	3	17
otu2331	5	14	20	12	3	0	3	18	17	20
otu2014	5	11	20	5	19	19	16	13	10	20
otu1702	20	8	9	4	11	1	5	8	17	17
otu2429	15	15	18	9	3	0	16	8	16	14
otu2069	17	20	20	2	16	20	20	13	1	9
otu656	9	12	0	8	5	12	10	8	15	16
otu2149	15	16	1	18	15	15	8	7	5	1
otu1299	14	6	16	13	13	19	5	3	13	18
otu597	6	19	17	8	15	14	0	19	16	19
otu602	6	1	7	10	15	4	19	1	7	6
otu549	7	16	7	16	2	8	6	14	6	14
otu190	20	2	11	12	19	15	0	8	7	5
otu0	17	19	10	13	1	11	12	16	4	12
otu593	11	13	8	17	6	3	15	6	10	7
otu150	7	8	18	12	2	8	10	5	19	4
otu759	17	13	2	1	10	7	14	1	17	10
otu1629	5	6	13	17	9	3	13	6	1	19
otu1898	17	14	11	13	6	18	3	9	13	15
otu1329	4	17	9	16	2	5	4	20	20	12
otu2486	20	16	16	6	7	1	7	20	8	7
otu1227	1	12	8	11	19	17	16	8	0	6
otu2387	4	4	7	20	1	19	13	12	18	9
otu2074	7	8	6	13	3	12	2	12	13	10
otu1249	19	14	3	2	9	15	7	10	18	18
otu2705	17	3	2	4	18	16	17	8	5	5
otu2259	2	14	11	11	19	2	16	4	18	6
otu2821	3	3	0	10	5	18	19	15	5	19
otu1842	2	1	20	15	5	0	4	14	12	18
otu1396	12	8	14	3	11	14	20	14	8	18
otu419	8	10	15	12	9	6	10	14	9	4
otu2632	5	9	3	19	17	9	18	7	5	8
otu1441	16	0	12	0	7	3	4	9	19	10
otu182	12	4	18	7	13	1	5	20	2	8
otu212	8	19	12	5	8	12	19	18	11	9
otu2226	3	5	7	10	14	4	4	14	6	17
otu1008	6	2	16	15	10	9	18	10	20	19
otu2845	16	5	15	17	2	10	13	18	15	14
otu1393	9	15	4	18	17	18	12	6	4	13
otu2300	11	18	3	18	5	14	7	7	18	2
otu2320	19	16	1	4	5	0	3	17	4	7
otu416	18	18	11	0	14	2	10	2	14	14
otu502	18	11	3	15	13	7	15	0	9	15
otu948	9	6	13	19	17	20	12	19	9	19
otu660	5	19	12	6	19	18	13	11	8	5
otu446	8	4	18	1	1	0	7	8	10	0
otu1240	14	18	8	4	13	3	0	2	6	6
otu2792	12	4	5	10	3	17	9	13	10	9
otu2893	11	0	16	1	5	12	7	12	18	19
otu300	17	5	0	3	3	20	6	12	16	15
otu1634	13	20	11	0	13	18	1	11	7	12
otu1740	11	12	17	10	17	9	4	16	19	3
otu50	3	12	17	13	19	9	11	2	17	17
otu2241	15	12	2	5	0	10	12	19	0	16
otu2263	15	5	0	6	6	18	16	9	4	18
otu1974	18	8	8	20	1	1	12	10	15	15
otu2617	8	11	1	3	13	3	11	16	4	0
otu798	5	17	9	20	2	5	7	15	11	1
otu895	0	1	20	15	11	8	18	10	0	13
otu242	6	0	6	19	13	14	11	0	6	3
otu2862	1	12	2	7	15	14	16	13	15	12
otu2513	12	9	13	17	8	18	15	17	9	11
otu2969	19	1	16	7	0	6	4	6	15	6
otu2071	6	10	12	17	5	20	19	7	18	9
otu1218	10	9	19	13	9	6	19	20	17	3
otu2436	19	5	5	12	4	4	11	13	0	3
otu379	1	20	11	6	17	12	4	10	6	1
otu752	3	11	10	19	16	5	19	6	0	4
otu103	8	14	7	11	5	20	19	1	16	8
otu1988	10	12	1	15	1	16	5	12	13	5
otu2098	11	16	6	9	14	12	3	19	17	4
otu2908	2	0	5	17	14	16	10	7	5	6
otu2841	8	5	13	13	16	15	6	13	14	10
otu2609	3	17	13	2	6	9	20	16	16	1
otu1226	2	17	19	11	15	7	20	15	16	18
otu199	4	3	16	17	17	9	19	14	1	2
otu822	9	1	17	19	15	18	17	3	9	10
otu632	16	2	6	4	7	4	6	9	20	15
otu2759	1	2	12	13	15	17	1	6	19	10
otu1697	11	2	17	19	17	5	16	4	14	19
otu2266	20	19	1	6	10	12	6	3	19	11
otu2008	12	12	6	16	19	20	15	5	4	13
otu1027	13	1	10	2	8	11	11	18	19	0
otu945	15	1	18	12	6	19	15	13	11	19
otu2061	3	4	9	19	6	10	6	20	0	6
otu883	5	13	3	17	1	17	4	20	6	4
otu713	11	7	16	16	3	8	17	3	8	6
otu1883	13	8	16	8	10	2	17	17	20	10
otu981	5	10	14	13	4	9	1	9	5	12
otu2294	1	6	20	18	9	5	2	14	8	2
otu733	7	3	18	6	12	20	0	2	12	3
otu1295	10	17	15	19	7	7	2	6	0	2
otu1448	8	18	17	15	4	11	20	4	6	5
otu664	3	19	15	17	2	19	6	7	20	1
otu2825	16	4	13	16	9	3	6	17	11	13
otu1321	13	14	9	0	18	20	16	20	15	10
otu265	5	12	6	3	7	12	9	17	6	9
otu1809	6	12	6	4	10	8	4	0	15	2
otu1210	13	9	2	10	17	18	0	3	20	9
otu2784	0	15	13	3	7	19	4	11	9	7
otu1848	20	13	2	4	1	6	8	20	8	7
otu2891	13	12	4	10	6	15	18	3	6	10
otu1343	3	13	16	3	20	11	13	3	15	1
otu582	12	17	3	2	13	18	5	12	14	15
otu2859	10	18	2	10	2	2	6	6	7	14
otu1132	11	10	6	4	18	1	5	11	16	19
otu356	0	6	9	19	20	13	7	19	20	2
otu680	3	9	7	16	20	7	3	8	18	4
otu1745	20	5	10	13	5	4	8	2	4	3
otu584	18	3	5	6	20	18	2	10	15	13
otu1363	1	7	7	7	16	2	12	7	13	0
otu920	19	14	18	9	5	1	5	8	10	17
otu1964	19	20	6	7	6	4	0	18	4	5
otu1714	8	18	2	3	16	0	6	11	16	5
otu2941	19	19	16	9	13	11	4	20	14	0
otu2653	12	6	6	16	13	4	11	6	2	12
otu2744	20	8	9	18	15	15	7	7	18	11
otu2700	0	14	19	3	13	13	8	2	19	10
otu978	16	6	15	7	13	0	17	4	6	0
otu2678	7	3	3	6	18	18	20	9	5	6
otu1950	2	17	19	3	13	12	5	10	14	0
otu2381	3	12	11	11	2	19	0	2	1	4
otu2060	4	17	15	1	11	12	20	5	17	0
otu1048	0	0	12	4	2	18	11	0	7	13
otu73	17	10	8	14	5	13	12	0	19	8
otu2861	12	11	8	4	20	10	0	2	6	5
otu831	11	13	13	7	7	12	8	7	6	11
otu1447	10	17	7	1	13	16	17	2	8	14
otu2797	17	1	0	7	3	19	11	14	16	18
otu682	13	5	0	10	8	2	6	18	0	10
otu2058	16	12	20	3	3	5	18	11	16	19
otu291	7	16	3	11	1	1	11	9	16	1
otu1894	11	8	13	15	5	17	11	13	16	16
otu2659	17	18	13	16	1	5	5	14	17	6
otu881	0	19	3	9	5	4	19	8	7	12
otu1821	4	5	13	1	7	0	20	13	0	15
otu1015	4	16	6	16	15	13	11	3	16	20
otu1572	6	7	1	2	5	20	20	11	13	19
otu41	4	9	9	19	11	16	15	20	1	11
otu1111	13	0	15	0	12	10	6	2	10	3
otu2606	17	1	10	2	7	9	9	14	16	10
otu2856	3	5	11	4	20	4	11	6	13	9
otu2468	9	20	12	11	14	1	11	17	8	14
otu1654	1	6	8	3	6	10	19	5	5	13
otu849	17	19	11	20	0	5	8	5	1	18
otu587	10	14	19	9	20	2	2	0	15	9
otu1953	2	13	9	3	18	19	15	7	18	13
otu863	6	4	13	10	10	7	20	9	14	19
otu1801	8	5	4	13	3	6	13	14	6	10
otu1662	8	16	5	8	20	13	18	11	18	9
otu1474	5	8	14	13	20	14	13	5	11	20
otu666	20	13	11	1	0	7	14	3	10	20
otu2757	1	18	15	1	14	0	10	16	0	14
otu2227	12	14	20	19	12	19	6	13	3	19
otu1461	7	11	4	5	17	17	4	9	9	16
otu2163	14	10	1	2	9	16	12	9	12	5
otu768	17	20	6	11	7	10	7	4	0	18
otu1088	5	6	13	2	5	19	9	6	15	16
otu2867	16	2	4	13	9	9	10	6	11	13
otu3000	12	13	15	17	20	10	10	15	14	9
otu2597	12	7	17	6	4	16	10	17	10	6
otu1729	5	9	13	3	0	9	5	18	5	5
otu57	19	17	2	0	18	12	12	0	14	20
otu237	7	14	1	2	5	17	11	8	16	11
otu2741	3	2	8	8	12	14	15	10	7	6
otu1725	5	11	9	7	3	18	20	1	17	19
otu1920	2	15	15	3	5	5	5	0	4	13
otu2712	15	13	2	10	5	1	6	6	9	18
otu2322	3	4	14	5	19	7	14	4	16	1
otu2119	6	17	3	2	9	2	13	1	5	4
otu325	14	16	19	10	6	19	9	7	1	15
otu1007	2	19	7	16	10	10	18	7	7	7
otu1952	9	3	3	8	16	5	7	12	17	13
otu529	10	2	3	4	13	19	2	5	9	2
otu1351	1	14	15	5	18	8	2	1	10	14
otu1342	9	14	14	2	5	18	0	11	7	3
otu432	18	2	17	7	4	5	13	15	12	7
otu493	3	15	18	3	12	20	6	9	19	0
otu1223	11	4	5	13	19	8	10	4	10	6
otu761	7	17	12	7	8	10	13	12	18	8
otu2269	11	10	10	5	1	17	4	6	19	4
otu1201	10	7	3	20	6	11	16	12	2	20
otu254	10	8	18	19	19	7	10	7	9	8
otu2321	8	0	8	11	1	1	16	19	2	16
otu934	8	2	13	5	9	8	14	18	3	3
otu2905	11	20	12	15	2	11	2	9	10	17
otu1012	3	10	8	2	17	20	10	3	7	3
otu1573	19	11	5	9	1	18	2	3	12	16
otu2376	14	1	17	5	20	12	3	3	7	20
otu398	9	6	2	16	17	11	17	17	0	7
otu1928	18	15	2	15	6	6	4	8	2	6
otu2932	0	10	5	5	10	16	19	20	20	17
otu1800	2	2	4	13	3	9	11	3	11	12
otu2890	3	20	1	17	18	2	1	14	19	13
otu222	11	15	16	20	13	16	8	0	18	6
otu1444	1	6	8	1	7	12	9	6	2	1
otu1304	13	9	8	13	17	12	11	2	20	0
otu443	16	6	12	16	5	8	9	2	2	5
otu2502	4	16	2	15	17	2	12	16	18	9
otu1910	10	12	8	5	4	17	11	5	3	1
otu1777	6	8	16	10	11	11	11	5	18	19
otu1478	17	6	10	12	5	18	20	2	10	6
otu447	5	6	1	0	5	16	8	13	15	2
otu2621	18	9	13	12	12	5	5	9	17	14
otu1709	19	10	8	1	9	2	12	1	2	12
otu1422	7	18	20	19	0	4	15	13	9	13
otu1045	20	16	17	9	9	4	14	7	10	11
otu1291	19	1	4	13	11	20	20	3	10	1
otu2450	17	14	3	19	12	8	10	5	9	16
otu1496	15	2	16	10	14	14	1	9	6	8
otu516	6	14	2	3	20	14	7	11	10	16
otu2140	9	15	16	4	13	18	12	14	1	1
otu574	15	19	14	11	3	16	6	10	17	11
otu2396	6	6	15	20	5	2	8	9	5	4
otu2948	4	15	18	0	11	16	3	0	1	10
otu172	20	14	12	12	15	5	11	15	17	2
otu857	20	20	19	14	20	7	12	6	14	8
otu121	3	9	9	1	16	14	14	4	14	9
otu1517	7	0	16	9	5	18	12	5	13	18
otu2936	2	11	9	1	2	6	1	6	2	19
otu268	10	16	13	10	14	9	20	15	1	20
otu1956	12	8	0	3	6	7	7	4	4	16
otu1378	10	1	18	4	2	15	14	15	2	11
otu2283	17	19	6	12	8	17	3	1	14	6
otu2121	8	2	2	6	14	19	20	7	1	0
otu88	19	4	4	11	1	11	16	2	0	14
otu2403	12	13	13	20	2	15	3	0	17	7
otu2042	3	3	20	9	16	8	12	18	17	14
otu1336	8	16	4	20	10	14	16	1	8	15
otu323	13	2	19	17	19	9	0	18	4	13
otu2575	17	3	12	7	18	11	14	18	18	5
otu723	0	2	13	1	3	3	4	14	17	5
otu60	3	1	2	0	16	15	13	9	17	4
otu1961	18	19	7	16	8	12	9	3	13	17
otu1347	3	20	13	4	0	6	18	20	20	3
otu1914	3	18	10	2	13	20	3	1	4	16
otu1439	1	4	5	11	6	2	7	11	7	15
otu2545	7	10	16	7	4	2	1	5	4	4
otu1296	7	1	12	19	8	0	15	20	13	11
otu2170	3	9	3	0	16	20	15	15	12	12
otu796	15	4	17	7	4	8	11	16	9	2
otu1271	3	16	18	1	3	5	8	18	3	13
otu1829	13	9	12	15	20	9	5	14	16	1
otu1394	7	1	4	11	10	5	6	20	19	4
otu341	16	0	1	20	2	14	16	15	4	5
otu245	1	16	14	15	19	16	20	5	16	18
otu1261	2	3	14	15	7	12	9	10	4	17
otu1569	5	2	8	10	14	3	8	13	7	15
otu2334	11	18	12	17	11	15	13	2	0	12
otu1633	16	10	10	18	14	3	1	5	11	10
otu1323	6	17	12	4	14	3	14	19	1	13
otu2916	14	8	16	6	9	17	11	16	6	8
otu2368	7	15	15	8	8	7	12	16	9	5
otu2915	11	16	0	12	19	14	20	2	7	20
otu390	3	2	7	20	0	0	0	13	9	15
otu376	8	3	2	4	9	11	3	17	13	6
otu659	9	19	4	2	20	8	3	17	20	16
otu951	0	14	11	16	3	2	20	0	10	20
otu601	11	10	13	4	15	6	10	4	8	2
otu955	7	5	2	18	15	6	14	19	4	2
otu2665	6	6	7	8	9	8	14	2	10	6
otu370	6	19	4	4	11	12	7	0	3	2
otu1966	1	0	17	12	18	7	8	1	15	9
otu1387	13	11	2	15	4	7	8	8	0	14
otu1694	2	17	18	4	7	17	1	2	15	7
otu1892	5	12	9	1	4	7	15	6	19	7
otu1546	0	9	10	2	10	12	4	11	14	10
otu2391	3	14	0	2	15	9	12	15	6	9
otu2288	1	11	5	15	3	6	0	1	19	17
otu1456	13	0	12	10	17	0	1	12	2	6
otu250	19	20	8	14	8	9	18	8	4	13
otu2271	10	10	4	7	17	20	0	19	17	15
otu2309	0	10	14	12	11	3	19	13	2	6
otu2660	6	11	19	1	12	7	6	0	3	19
otu196	17	3	17	15	16	13	19	12	18	14
otu719	0	14	17	0	17	0	2	2	19	6
otu2767	1	0	16	11	12	4	9	9	4	15
otu1155	9	19	18	16	8	13	18	5	4	11
otu2959	18	9	11	6	4	10	0	13	15	0
otu2132	1	13	13	13	15	10	9	17	5	15
otu2650	8	5	19	8	14	13	13	14	5	14
otu907	6	17	2	3	2	14	18	13	4	5
otu247	2	14	9	2	11	10	11	2	5	12
otu2876	10	19	8	8	6	4	6	13	18	14
otu1542	0	12	0	9	5	13	4	13	7	19
otu2747	18	6	12	18	7	15	1	0	1	3
otu734	15	4	8	6	17	10	5	17	20	5
otu1885	8	11	16	12	4	12	2	17	9	11
otu37	13	8	19	10	9	11	13	9	5	9
otu1774	7	14	20	20	15	0	10	0	17	13
otu2371	5	6	6	8	10	4	9	12	3	7
otu123	11	18	14	16	19	19	1	18	16	5
otu339	18	5	0	16	15	11	12	19	20	4
otu985	4	5	5	18	12	0	12	16	17	3
otu1202	12	9	12	8	12	4	13	10	12	15
otu2616	2	16	15	8	0	4	7	3	20	9
otu2682	17	6	19	5	1	18	13	8	2	11
otu1462	20	7	12	18	8	16	8	8	4	3
otu2701	1	20	12	7	12	5	0	17	20	12
otu2548	14	15	11	16	2	9	17	1	17	7
otu2980	19	6	19	17	6	4	19	2	11	1
otu500	12	8	6	8	13	8	5	5	19	0
otu1463	3	0	4	3	15	18	14	20	1	8
otu1103	8	10	18	16	16	13	20	1	18	17
otu1401	17	5	14	15	11	2	8	11	14	1
otu725	9	7	6	17	19	20	19	0	20	5
otu2610	2	1	6	19	13	7	14	12	9	12
otu1435	16	0	0	6	10	8	2	1	17	1
otu1550	4	5	10	0	13	13	4	4	0	1
otu232	15	10	7	7	2	1	18	19	18	19
otu1468	19	11	5	20	0	19	6	19	8	17
otu590	15	0	9	7	11	0	10	16	15	20
otu1512	1	11	16	1	9	18	18	7	17	6
otu1642	14	14	5	8	0	15	17	11	10	18
otu82	4	4	3	10	4	17	0	18	8	16
otu2477	5	0	7	7	0	13	13	18	8	11
otu1781	1	4	11	4	10	3	4	16	15	6
otu2542	8	11	0	4	20	15	2	19	1	6
otu141	14	9	7	5	3	9	12	19	2	19
otu1730	13	15	19	9	2	15	10	13	4	9
otu483	17	7	13	8	10	3	9	9	1	12
otu821	1	3	14	3	19	15	17	14	5	4
otu286	4	10	8	10	7	6	13	15	12	2
otu1930	4	18	1	13	3	20	19	18	7	2
otu647	5	18	13	8	14	12	4	14	5	5
otu970	11	2	17	13	18	12	8	2	17	1
otu1107	15	9	3	15	16	1	16	2	16	11
otu1668	5	17	10	3	18	11	5	9	6	7
otu599	19	20	10	16	5	17	0	6	8	2
otu1488	8	7	12	0	12	10	5	2	2	14
otu805	13	3	3	0	0	3	19	16	13	5
otu1092	3	15	13	16	12	14	20	14	9	11
otu133	8	7	1	13	13	15	14	12	4	6
otu2921	5	5	0	3	12	20	20	8	17	15
otu351	16	14	8	8	13	18	20	10	18	6
otu2775	0	14	16	17	8	1	5	10	20	0
otu905	18	2	7	17	8	15	13	5	12	8
otu2796	8	1	18	5	19	4	9	9	9	3
otu2696	6	11	2	19	1	17	15	4	10	10
otu314	1	14	19	14	7	14	20	14	16	16
otu2497	10	13	2	11	15	2	19	15	16	9
otu2978	12	6	1	12	3	8	18	6	4	17
otu1679	9	19	6	11	9	7	2	10	14	2
otu2451	1	2	19	15	8	7	12	19	16	5
otu604	4	0	19	1	8	8	3	20	1	11
otu2488	6	19	12	3	12	19	13	12	0	4
otu1020	4	17	10	19	7	18	7	12	18	4
otu2683	5	9	5	9	8	17	0	1	15	13
otu635	5	11	7	8	7	13	17	7	1	10
otu1792	9	3	18	6	12	9	10	17	19	18
otu807	16	14	4	20	0	9	15	2	16	4
otu2637	13	12	14	3	17	3	9	8	1	0
otu2638	15	11	16	19	8	18	2	6	13	6
otu512	17	3	17	4	9	8	12	8	6	7
otu1719	11	14	17	11	9	11	2	14	4	19
otu603	2	18	3	14	16	19	1	17	0	1
otu53	16	5	19	16	16	15	13	15	20	7
otu1314	12	19	10	2	12	8	5	18	7	13
otu2291	4	0	17	6	8	16	17	5	18	16
otu1400	15	4	5	16	15	17	13	12	4	9
otu2007	1	8	0	20	18	4	16	8	17	5
otu264	15	2	13	6	16	1	17	7	1	18
otu2206	12	10	3	7	20	19	18	17	5	16
otu1239	5	1	0	5	4	10	0	2	12	1
otu1426	16	2	14	0	13	7	19	7	6	11
otu1831	16	7	1	8	6	9	7	1	5	14
otu531	5	1	19	8	8	13	4	20	9	19
otu1843	9	12	5	13	7	3	20	4	1	3
otu329	14	7	8	8	14	18	18	14	15	9
otu1671	9	12	20	12	8	6	9	4	12	18
otu1087	11	11	8	15	9	7	3	10	8	2
otu30	20	6	4	19	17	8	16	13	0	19
otu393	8	19	20	1	6	9	14	2	0	2
otu2967	19	12	17	16	4	6	13	4	15	20
otu1380	14	1	2	17	5	16	7	2	15	6
otu2386	1	6	1	9	11	17	9	7	7	14
otu1183	13	7	18	15	20	15	0	10	13	14
otu1530	20	14	4	3	9	3	19	14	4	2
otu1791	0	12	3	3	20	2	5	20	17	10
otu1373	8	16	15	4	3	18	20	20	1	9
otu2523	19	13	3	10	14	11	0	9	10	8
otu2167	1	5	12	8	2	8	15	14	15	13
otu1535	4	15	11	5	4	16	17	7	15	12
otu703	20	20	0	13	11	7	17	0	19	5
otu2829	17	7	3	14	14	19	18	11	17	15
otu1275	9	19	7	20	20	11	15	3	2	20
otu1119	7	17	1	15	10	7	11	13	17	3
otu2408	16	1	9	19	4	14	13	11	15	3
otu2942	5	7	20	5	3	4	17	17	4	6
otu2223	4	16	10	16	12	1	6	19	7	0
otu1632	1	2	17	14	9	11	14	6	4	16
otu1574	15	4	10	12	16	4	20	12	7	17
otu1921	14	11	12	19	7	3	5	11	20	13
otu1624	10	18	2	16	15	19	15	9	16	12
otu2311	9	14	7	14	18	2	13	15	4	14
otu2651	18	3	16	3	2	17	17	5	13	5
otu1665	9	2	2	11	6	15	10	9	7	0
otu308	13	6	19	15	10	8	8	20	5	0
otu144	7	3	13	18	11	15	10	17	20	19
otu2413	7	16	10	18	1	17	15	7	2	15
otu206	10	19	2	12	19	18	6	0	16	6
otu45	3	17	13	11	17	10	2	13	6	12
otu860	0	5	14	9	5	12	13	18	17	14
otu2826	4	14	9	4	18	8	1	2	19	7
otu2156	16	7	18	19	4	0	17	9	6	9
otu1716	6	5	1	5	13	17	14	13	10	6
otu2503	1	6	8	2	1	4	12	19	1	12
otu2602	14	2	17	20	17	3	10	12	2	6
otu1302	18	10	9	17	3	5	6	12	12	12
otu430	4	11	19	4	2	10	14	6	20	17
otu327	6	17	7	6	20	6	2	13	8	6
otu2124	11	13	17	6	5	18	0	12	3	18
otu1580	13	15	16	12	5	10	5	9	20	7
otu1017	6	3	11	13	16	9	16	14	13	7
otu663	2	20	7	15	17	14	6	17	6	6
otu188	4	16	0	10	20	9	10	10	17	18
otu2540	15	12	0	5	7	17	4	12	9	5
otu1235	1	4	18	19	2	5	19	2	5	13
otu233	3	7	0	0	0	5	7	1	3	14
otu2598	5	18	15	14	18	10	14	6	3	3
otu2904	10	12	4	6	4	8	14	16	8	1
otu2341	3	13	10	4	14	5	1	3	8	1
otu1751	7	16	10	17	16	4	4	12	12	8
otu2423	13	12	2	13	17	18	1	12	0	19
otu2780	19	1	6	9	12	1	17	0	2	11
otu2077	18	0	17	11	16	11	12	12	15	0
otu2753	3	8	17	1	4	12	20	14	2	18
otu1999	17	3	14	4	9	20	7	5	5	5
otu433	10	7	9	19	2	9	0	12	20	4
otu2335	16	19	7	12	19	14	9	11	4	15
otu1303	8	1	3	13	19	2	13	12	12	12
otu35	20	10	20	1	17	15	17	2	12	18
otu246	16	19	12	4	6	5	16	15	16	19
otu2027	3	2	6	0	2	18	17	13	12	13
otu505	1	16	3	1	11	2	20	3	9	11
otu213	18	5	5	8	5	0	17	17	2	15
otu2425	11	7	19	4	8	10	16	17	14	13
otu2115	17	0	12	5	9	9	4	20	19	2
otu2514	14	6	3	18	2	14	2	15	17	9
otu2487	15	4	8	18	5	10	16	17	9	14
otu2032	13	10	6	16	12	3	16	16	14	18
otu1761	14	1	17	11	0	1	10	13	6	10
otu819	2	10	6	18	5	3	15	18	15	9
otu1947	19	9	8	18	9	2	7	0	10	13
otu2056	1	0	5	9	4	4	11	19	5	1
otu114	9	16	4	2	12	3	3	14	12	3
otu1084	10	14	13	0	4	17	3	10	20	5
otu2778	6	8	19	16	19	12	9	3	13	15
otu312	6	19	4	11	11	6	3	3	0	12
otu406	19	11	17	12	2	15	8	14	4	18
otu63	3	2	4	8	6	15	0	20	16	4
otu2543	0	17	9	19	7	19	11	11	4	15
otu1382	20	10	3	4	12	11	6	2	15	7
otu830	15	3	10	4	2	1	9	6	17	5
otu806	0	16	0	11	16	16	0	3	1	14
otu1566	4	13	3	13	7	5	5	7	10	8
otu2745	6	8	0	14	10	19	19	19	4	6
otu735	2	15	14	12	8	15	18	0	18	13
otu359	2	2	8	4	14	10	10	13	20	13
otu2210	18	1	14	15	1	19	11	9	20	15
otu2537	4	1	3	5	0	4	7	19	9	19
otu1173	12	20	14	18	13	18	13	10	5	12
otu451	2	1	8	4	3	18	10	7	3	0
otu1701	9	10	15	7	0	11	20	2	2	14
otu1442	2	11	8	3	10	7	2	17	10	20
otu2110	1	1	5	2	18	1	5	6	7	7
otu1769	16	0	18	17	14	3	7	17	5	14
otu661	16	7	5	1	15	14	8	7	17	15
otu185	10	7	20	1	12	0	18	14	7	3
otu2299	18	7	1	9	0	12	15	7	12	7
otu1691	17	19	10	16	4	1	4	20	14	7
otu2168	20	5	19	18	8	2	13	5	1	5
otu1571	14	7	1	20	7	6	5	3	10	2
otu2158	1	1	4	3	7	3	9	1	4	7
otu1043	14	19	0	2	16	11	7	9	19	8
otu149	16	20	2	7	13	2	12	2	14	15
otu1038	0	2	15	9	9	12	3	9	11	14
otu2674	14	15	20	14	17	12	10	10	12	15
otu1942	2	1	14	11	19	4	10	4	16	2
otu25	17	5	5	2	14	14	15	15	10	11
otu1951	7	8	3	11	4	8	13	4	9	10
otu2755	7	0	3	16	10	3	2	1	14	13
otu1880	19	11	17	14	6	16	11	6	10	14
otu1207	0	11	11	7	12	11	2	3	11	8
otu1605	20	20	10	19	2	14	15	10	0	1
otu1663	15	20	10	3	1	19	17	18	16	12
otu125	1	10	3	0	2	7	9	16	15	16
otu2777	17	3	7	16	19	13	12	3	12	14
otu2439	8	20	10	3	10	7	2	9	6	7
otu558	3	15	12	7	8	8	20	19	0	9
otu842	0	9	7	19	2	13	6	15	5	6
otu743	11	17	4	0	12	10	18	16	18	17
otu2736	18	18	14	2	20	12	0	15	15	9
otu2500	4	16	17	0	16	10	0	7	1	12
otu2564	19	1	6	20	7	18	14	19	15	15
otu540	6	17	3	10	5	9	18	2	16	0
otu1175	16	5	7	17	19	18	7	4	10	14
otu445	17	8	2	16	4	17	7	6	13	18
otu1206	7	11	10	18	16	19	10	2	9	0
otu2635	9	8	14	15	0	19	7	13	6	9
otu630	9	9	14	15	18	9	1	11	8	0
otu1231	1	3	13	1	16	3	9	1	4	14
otu1274	20	3	10	19	6	0	13	17	9	19
otu721	8	4	14	2	15	2	9	11	10	0
otu2872	3	9	6	7	14	2	4	9	8	10
otu1036	3	7	8	15	9	16	1	9	10	9
otu2114	1	9	16	5	8	2	14	16	12	3
otu2779	14	3	18	0	4	18	18	14	2	18
otu2019	19	3	20	9	16	17	1	6	5	20
otu1360	6	10	14	2	3	19	6	18	18	10
otu841	16	9	20	15	20	8	0	19	11	4
otu2171	16	9	13	17	19	19	15	4	3	14
otu956	6	3	0	2	15	15	5	5	15	1
otu1754	19	7	19	17	0	16	13	10	0	14
otu2372	19	17	11	16	10	19	1	9	6	12
otu2781	15	18	10	12	1	19	14	8	14	17
otu1014	7	20	19	20	17	13	13	11	18	2
otu1309	20	11	18	19	13	16	11	16	8	3
otu2928	8	13	14	7	1	10	0	15	1	18
otu2476	15	6	20	16	11	12	6	16	8	0
otu559	5	0	12	14	7	12	3	6	10	4
otu258	19	19	11	20	6	0	8	6	8	8
otu2370	7	1	1	15	11	9	15	0	18	12
otu2556	10	1	17	15	5	0	13	8	18	7
otu186	17	15	10	10	1	16	2	16	16	19
otu2570	7	4	7	17	8	17	15	20	8	18
otu1298	11	17	10	15	16	14	8	3	9	10
otu439	10	17	15	6	19	9	10	7	19	2
otu1631	12	14	7	20	9	12	8	8	5	6
otu550	19	19	12	19	8	19	16	14	10	0
otu817	16	14	17	1	10	13	7	18	17	6
otu1265	13	6	16	16	0	13	19	14	6	0
otu811	13	12	8	18	5	17	17	12	11	9
otu2887	16	19	6	9	19	6	13	18	10	17
otu459	9	10	20	11	15	3	6	18	0	17
otu1431	19	20	1	1	19	7	11	17	6	6
otu488	13	10	7	2	6	20	11	1	18	7
otu1954	4	9	4	5	0	3	15	17	10	12
otu1562	0	10	4	4	20	4	6	6	14	18
otu667	11	2	16	8	11	1	20	20	2	15
otu988	6	12	4	19	10	14	13	5	6	9
otu1870	2	16	19	7	2	8	11	19	1	10
otu2295	18	0	11	14	7	8	17	9	2	11
otu2791	6	4	20	7	0	11	10	13	6	1
otu2202	5	17	12	5	15	15	8	10	7	0
otu1248	7	15	15	15	3	0	6	17	0	17
otu935	13	0	12	20	3	14	4	1	12	11
otu1564	9	5	0	13	1	3	19	0	18	8
otu2268	1	6	19	20	1	19	10	8	1	15
otu1841	15	0	20	16	20	12	18	4	7	10
otu2040	12	14	12	8	11	13	4	6	1	6
otu1788	10	18	7	7	2	12	9	2	2	0
otu555	15	2	14	9	19	9	0	6	6	6
otu2220	6	16	17	19	14	20	4	7	1	1
otu1051	20	6	20	20	8	2	12	16	3	12
otu482	1	1	2	17	1	9	17	3	9	7
otu2379	3	13	0	5	5	14	9	19	1	15
otu2993	1	9	16	2	18	8	4	3	12	19
otu396	5	14	10	19	19	5	19	0	1	2
otu1799	4	5	15	0	14	18	13	2	5	6
otu115	20	18	19	18	13	1	2	8	0	18
otu1238	15	7	10	16	16	12	18	1	16	15
otu1386	11	16	16	2	8	1	6	11	9	8
otu2837	15	0	16	6	14	18	6	10	19	11
otu681	6	0	14	1	0	6	14	17	10	9
otu1473	13	13	9	6	17	8	5	16	4	16
otu171	16	13	18	8	19	15	13	4	11	9
otu2348	5	13	10	9	8	0	7	12	9	20
otu2063	11	13	20	13	3	16	5	11	16	20
otu178	7	16	5	11	11	17	7	3	11	3
otu508	17	0	18	20	5	12	6	1	14	10
otu468	14	14	13	7	3	20	19	7	17	0
otu2933	9	11	20	16	20	11	7	18	10	20
otu1234	1	11	7	13	11	11	12	7	7	11
otu2481	13	0	9	9	7	18	16	19	11	15
otu51	19	17	15	16	15	12	3	1	7	18
otu2494	2	9	10	11	20	0	3	15	6	1
otu2053	20	19	16	14	2	3	1	14	10	13
otu2474	4	11	1	15	9	9	11	3	15	10
otu2680	6	10	20	6	6	8	15	14	10	20
otu367	4	9	18	0	9	13	8	9	8	13
otu1657	19	5	4	17	14	17	2	2	15	12
otu917	20	13	5	6	7	19	11	2	12	20
otu2193	20	18	20	17	0	2	2	10	20	17
otu2316	4	16	14	3	15	7	13	12	9	8
otu856	19	0	17	2	16	8	19	0	16	14
otu1346	18	8	4	10	14	8	9	1	16	6
otu2111	19	9	7	1	11	18	10	2	10	15
otu2752	17	14	15	16	6	18	12	18	1	5
otu2177	15	17	5	12	10	8	3	6	4	8
otu1742	12	7	16	12	20	11	14	12	0	8
otu1666	1	10	20	20	17	17	7	14	5	12
otu1817	12	7	4	8	13	18	7	10	10	19
otu1570	16	16	13	2	5	19	2	14	1	4
otu67	11	0	15	15	5	13	9	10	14	11
otu687	10	8	9	3	16	15	10	9	11	14
otu1110	17	1	20	3	5	6	0	4	6	19
otu1136	14	15	0	15	18	9	19	4	20	18
otu2307	16	3	20	6	17	16	9	4	8	5
otu1881	15	8	16	2	19	9	15	6	6	20
otu1958	3	4	4	5	18	7	2	1	4	0
otu1505	10	3	3	16	15	14	20	0	5	3
otu1269	8	17	20	2	12	6	2	7	10	1
otu1142	3	9	10	16	11	15	7	3	6	5
otu973	16	19	11	9	16	9	4	12	14	7
otu97	2	5	14	5	12	11	5	17	7	1
otu2424	19	13	14	10	14	20	3	11	17	20
otu2143	11	4	7	18	19	15	1	6	3	3
otu2125	2	12	11	11	7	11	15	2	20	3
otu107	9	3	8	0	5	13	17	7	4	4
otu392	1	14	1	17	5	6	14	15	1	17
otu1984	3	3	17	8	19	14	19	14	16	5
otu750	18	3	0	9	6	13	5	8	3	12
otu965	0	10	3	6	18	14	19	10	14	2
otu2398	11	19	6	1	18	1	1	1	5	19
otu2459	16	11	12	14	8	16	19	1	19	9
otu1602	9	6	20	15	0	10	12	16	20	4
otu2160	2	7	0	14	9	9	15	16	17	0
otu2039	10	13	13	4	16	15	5	3	3	20
otu2154	20	2	7	5	14	5	17	16	12	10
otu1005	17	8	2	18	9	19	0	8	16	7
otu2190	20	1	7	12	9	20	4	1	8	18
otu2718	0	13	18	18	17	8	14	6	0	17
otu1059	0	13	12	8	17	17	18	11	5	10
otu2496	3	5	13	2	15	11	15	20	15	3
otu2834	8	0	3	8	7	2	12	4	10	12
otu1328	7	11	5	9	3	11	7	1	18	6
otu2846	11	19	7	17	14	13	9	0	20	0
otu1312	1	11	9	6	17	14	3	19	4	19
otu1677	3	10	10	10	7	1	10	17	0	3
otu1592	18	17	16	4	15	14	14	5	3	4
otu1118	6	0	18	7	5	6	0	17	13	1
otu1011	19	13	13	20	16	2	11	2	17	12
otu2803	17	8	3	12	19	10	5	0	18	20
otu1115	9	14	2	10	3	11	4	20	20	10
otu1164	19	14	6	8	13	7	1	18	19	16
otu486	18	16	2	12	11	16	17	13	2	7
otu2414	19	15	8	11	12	10	0	4	18	2
otu2153	5	2	5	10	19	1	9	15	11	11
otu1466	20	3	13	5	10	14	11	19	11	13
otu81	8	13	6	2	13	15	14	0	11	12
otu2922	13	11	5	18	13	5	2	6	4	15
otu914	17	10	20	20	11	7	3	9	5	19
otu2250	13	12	2	16	4	0	0	20	11	18
otu1589	13	12	12	13	15	10	15	12	2	12
otu2633	4	8	13	4	15	3	1	10	20	14
otu626	17	20	3	0	3	7	8	8	19	8
otu148	17	7	0	3	12	5	10	11	13	11
otu1317	11	5	2	16	6	0	13	20	3	4
otu2000	14	6	16	16	6	4	1	11	16	18
otu2982	8	8	18	19	2	20	9	7	9	12
otu365	2	20	12	18	3	10	0	10	3	14
otu2457	11	0	2	7	12	18	10	3	13	18
otu2100	13	2	18	0	18	5	7	20	15	15
otu526	14	1	13	18	8	18	9	14	7	2
otu923	1	1	19	10	2	13	1	17	12	5
otu1913	9	16	19	1	17	18	9	7	0	1
otu1129	5	16	3	10	14	16	10	19	14	12
otu608	13	16	7	1	7	12	9	13	10	0
otu122	5	11	9	12	9	3	7	0	12	15
otu2603	2	1	0	7	20	7	2	15	17	17
otu346	9	11	2	4	11	6	14	16	2	8
otu2508	9	4	13	11	19	0	7	16	8	7
otu274	3	1	13	18	16	7	13	12	11	0
otu1673	17	2	6	3	3	7	15	14	15	2
otu1024	11	9	4	2	20	10	18	12	9	12
otu2073	16	6	5	2	9	14	5	5	8	17
otu2191	0	20	8	4	8	15	11	12	6	3
otu800	2	8	17	4	2	11	11	14	13	18
otu2563	11	14	4	19	9	6	3	7	15	0
otu2762	3	2	7	1	18	17	20	4	16	15
otu712	2	10	3	14	20	4	5	18	20	12
otu1904	5	5	11	10	0	18	8	4	4	8
otu44	12	9	5	0	14	17	16	20	13	4
otu1909	0	8	2	19	15	9	8	12	18	5
otu2393	3	17	17	18	1	12	3	12	13	10
otu2375	9	6	1	12	13	20	16	18	17	12
otu2823	2	20	14	15	16	0	12	16	18	14
otu677	4	20	16	5	13	0	4	10	17	18
otu1595	16	14	10	17	14	0	6	9	11	6
otu1228	7	0	1	11	5	19	2	5	15	18
otu1499	20	18	0	1	2	13	9	12	20	16
otu724	8	14	4	12	5	17	20	6	6	19
otu1618	10	9	15	18	12	18	15	20	15	2
otu2422	13	14	12	20	1	10	10	4	4	11
otu1306	20	12	16	19	0	10	19	4	11	11
otu927	2	9	20	17	19	12	14	10	9	16
otu1820	0	13	17	13	16	0	1	15	4	9
otu1348	11	10	12	12	1	17	16	13	20	19
otu2272	1	9	7	19	17	13	16	12	19	3
otu1057	11	9	9	3	12	6	4	7	3	15
otu1937	16	20	16	3	14	4	16	3	0	8
otu2229	7	10	20	11	6	8	19	10	5	8
otu2884	2	6	19	16	3	17	13	14	20	19
otu244	5	0	6	10	10	18	16	16	14	8
otu976	7	15	13	11	4	3	18	3	9	0
otu1970	0	5	20	6	1	4	9	1	14	1
otu2186	13	5	6	17	16	12	11	9	5	10
otu2405	2	20	4	18	7	11	14	16	12	17
otu942	12	5	9	5	12	19	8	20	7	15
otu877	19	11	3	17	13	5	11	15	18	13
otu1217	17	1	10	2	8	12	15	10	4	3
otu2440	4	19	0	7	18	5	14	3	6	11
otu738	11	12	12	0	12	18	16	15	20	6
otu1219	15	14	4	4	17	4	11	19	17	12
otu1458	13	2	7	12	10	15	18	11	8	17
otu689	8	13	13	13	13	18	10	8	11	4
otu2898	17	16	3	13	17	18	3	14	13	1
otu318	6	17	2	9	3	14	4	2	8	18
otu2013	1	11	8	9	6	10	10	20	19	5
otu1385	7	14	16	0	10	4	17	2	2	13
otu1622	15	15	19	1	6	4	5	19	11	1
otu1056	3	4	9	18	0	15	4	3	11	12
otu2672	9	2	6	17	7	10	1	5	0	4
otu1766	0	8	3	6	10	12	2	4	12	14
otu2774	14	10	4	0	6	1	15	7	11	11
otu2091	12	11	12	13	15	6	10	12	12	2
otu1645	0	5	17	5	19	6	10	9	11	9
otu871	7	5	5	8	16	4	8	20	5	18
otu1936	14	1	14	3	10	7	7	8	6	16
otu463	10	11	0	10	20	2	15	8	16	5
otu1179	2	15	10	11	7	19	8	8	19	2
otu1053	20	3	7	12	20	3	7	2	9	3
otu1818	15	1	20	11	20	3	19	5	0	14
otu1476	7	15	1	10	11	8	9	14	6	13
otu92	16	9	6	4	6	7	18	12	17	20
otu1082	7	1	3	19	16	1	11	2	9	9
otu2435	20	17	1	12	11	15	17	1	14	20
otu1563	8	4	15	15	1	1	10	9	12	17
otu997	0	15	1	7	0	12	7	17	12	13
otu1976	12	19	11	2	11	17	8	9	2	16
otu1028	6	5	19	9	4	10	12	17	19	4
otu525	12	4	0	2	1	3	0	0	0	16
otu812	9	11	5	16	3	14	12	11	16	1
otu523	13	19	7	13	16	18	8	9	5	3
otu607	19	20	17	4	10	17	4	19	19	10
otu748	6	5	15	16	6	7	16	14	1	3
otu2870	7	1	2	11	19	4	1	15	17	1
otu1025	3	2	11	13	16	12	5	5	9	11
otu1696	6	18	19	5	12	15	20	9	18	9
otu1290	2	17	7	6	2	15	1	6	20	1
otu2219	1	0	14	0	1	16	20	3	2	10
otu2095	18	17	2	19	6	14	9	15	5	14
otu2442	13	12	5	18	3	17	7	20	17	15
otu2614	16	17	14	9	0	5	15	17	7	16
otu1494	12	8	11	5	7	7	10	10	6	3
otu527	3	16	18	15	13	7	7	7	6	3
otu1232	1	14	9	0	13	8	7	16	4	20
otu968	3	4	7	7	2	12	9	11	0	1
otu287	12	20	4	1	0	20	13	14	18	11
otu1423	2	4	8	8	7	11	1	13	17	18
otu1617	5	1	11	17	4	11	11	9	4	4
otu2280	17	7	18	1	4	17	8	11	0	16
otu1410	19	12	2	13	6	4	13	2	13	0
otu2627	11	3	0	2	9	1	12	6	2	11
otu24	7	2	7	1	16	11	18	8	10	3
otu1151	16	13	19	1	2	3	2	9	20	18
otu2236	13	12	14	5	19	1	11	11	0	10
otu1805	14	2	19	6	2	12	16	18	4	8
otu21	15	12	20	5	16	0	0	5	0	7
otu1428	14	18	16	1	18	20	19	9	8	0
otu83	8	9	19	11	6	8	5	15	7	13
otu758	20	5	6	16	3	5	1	20	15	11
otu1743	4	0	18	9	16	5	5	15	5	8
otu1934	10	1	3	18	11	7	4	8	1	17
otu794	17	5	17	18	6	10	8	6	20	12
otu2677	6	13	15	11	16	19	11	1	20	0
otu1603	3	20	16	14	8	12	8	15	0	19
otu2914	1	17	12	12	11	17	11	4	5	7
otu2571	13	1	2	3	6	18	6	17	20	5
otu470	7	7	16	8	8	9	2	11	6	9
otu2962	13	6	7	5	13	10	4	15	8	2
otu1609	20	5	3	6	19	2	4	7	1	14
otu155	7	18	18	5	6	3	8	6	15	5
otu1123	13	19	19	3	13	18	13	20	7	13
otu2046	16	18	5	13	1	19	7	4	15	2
otu2783	5	1	20	16	12	17	2	4	9	12
otu619	6	15	14	9	16	17	19	2	19	18
otu89	9	19	4	15	7	11	10	2	0	20
otu1708	5	10	10	15	13	10	19	8	7	15
otu2820	11	18	9	19	20	6	7	13	15	5
otu2233	9	14	18	19	12	20	19	18	0	9
otu230	7	8	5	8	20	13	5	0	4	12
otu204	8	0	5	15	3	10	9	17	10	10
otu1916	0	6	17	20	14	14	10	19	2	17
otu2711	6	11	0	15	8	13	5	17	3	11
otu132	10	10	5	10	11	11	14	9	19	0
otu592	15	17	5	14	7	14	16	12	9	2
otu2324	17	0	3	1	19	10	1	17	11	15
otu1962	6	14	20	18	4	1	0	8	17	4
otu2851	20	13	13	12	18	18	8	18	4	8
otu546	6	1	10	13	15	6	7	19	10	20
otu1001	6	6	19	11	11	1	6	18	15	5
otu2367	14	4	6	16	19	0	20	9	1	11
otu1545	17	8	7	6	10	7	1	14	5	2
otu334	18	20	15	0	7	12	20	17	18	2
otu1601	6	6	8	8	1	15	15	16	15	5
otu1417	3	12	8	8	17	15	3	10	20	12
otu2264	20	11	1	7	15	8	4	8	18	7
otu1430	12	10	10	20	5	4	15	10	14	19
otu1918	0	18	9	2	7	0	5	0	10	12
otu1406	1	6	4	9	4	20	15	7	15	13
otu1341	20	5	1	18	1	14	7	4	1	4
otu2577	11	17	18	6	13	10	17	3	13	14
otu994	13	3	19	0	8	5	13	0	9	10
otu7	1	7	3	18	1	15	3	13	18	15
otu2985	11	8	20	18	8	18	9	7	6	2
otu2306	0	17	7	19	3	17	4	9	7	20
otu2215	5	4	14	6	12	13	1	18	5	3
otu676	8	11	20	14	16	9	13	12	17	4
otu1345	17	0	16	0	9	3	15	17	6	0
otu583	0	19	16	10	17	4	20	1	3	10
otu1352	17	9	16	7	3	17	20	7	13	18
otu2212	6	4	8	12	11	3	0	9	3	0
otu2150	8	19	11	16	15	13	12	20	15	15
otu2197	12	17	3	5	18	0	12	17	4	8
otu449	9	18	10	8	3	13	1	17	11	2
otu532	7	4	19	4	7	13	19	18	9	18
otu1747	19	18	17	9	10	9	8	15	15	11
otu1511	1	10	12	2	13	1	2	3	13	9
otu1498	7	13	16	16	16	15	9	12	20	1
otu1586	13	20	14	2	14	14	20	11	4	17
otu399	18	9	7	6	5	3	14	10	16	20
otu1963	15	7	2	8	8	5	15	1	6	16
otu510	8	6	13	2	10	3	0	19	5	0
otu1098	7	1	2	4	14	6	19	12	11	2
otu1055	13	12	10	13	17	1	19	9	20	14
otu2200	0	19	3	11	20	7	6	16	8	20
otu2453	18	14	20	18	11	12	2	9	3	0
otu1612	11	18	1	14	15	9	17	20	9	1
otu2814	10	6	14	18	10	2	20	1	13	1
otu436	16	7	17	8	4	5	2	8	6	13
otu2057	13	8	17	9	3	5	17	17	14	13
otu2624	13	19	5	19	9	12	17	19	9	0
otu2232	13	18	7	8	14	0	5	6	5	11
otu1355	16	3	19	19	11	7	18	14	7	15
otu2475	7	0	10	13	0	12	5	4	13	3
otu690	14	4	16	15	3	17	15	4	8	2
otu695	17	16	16	19	12	10	11	13	8	3
otu1273	15	10	9	7	13	7	5	10	14	2
otu1853	5	16	20	10	0	3	10	14	9	19
otu1924	17	4	12	13	4	19	5	2	14	19
otu789	6	6	4	17	13	11	17	16	15	14
otu1199	13	9	10	14	0	3	13	16	14	14
otu130	12	16	13	10	14	12	14	9	9	17
otu1133	18	1	9	10	11	2	7	6	17	0
otu688	12	7	7	1	1	16	8	10	15	11
otu2552	15	7	2	12	9	6	5	13	4	17
otu1884	1	5	13	3	12	16	7	1	18	2
otu2819	2	7	12	13	17	17	7	5	12	12
otu2687	5	0	3	4	0	18	18	16	8	13
otu374	9	12	9	2	18	13	3	12	8	5
otu1212	8	5	12	13	4	2	20	18	0	19
otu2721	3	7	0	11	17	9	10	12	13	4
otu2118	11	13	17	5	11	2	6	0	0	7
otu2395	2	9	14	20	0	8	10	12	2	6
otu1616	6	17	12	3	0	14	0	12	0	14
otu2161	3	19	5	1	6	15	1	11	11	19
otu476	20	16	8	20	7	15	11	10	18	17
otu256	0	6	1	3	11	18	14	4	16	1
otu473	15	4	18	4	13	1	3	6	4	7
otu2088	3	12	11	18	17	12	9	18	1	0
otu2831	0	5	11	11	19	10	5	17	8	14
otu203	7	18	5	18	12	8	11	3	2	4
otu1727	10	15	11	12	6	0	20	7	18	3
otu1893	10	9	16	16	19	0	19	1	0	5
otu1706	11	7	15	4	15	0	20	15	5	12
otu2419	3	0	9	13	19	7	15	13	15	10
otu1308	3	13	17	19	6	9	13	6	3	18
otu128	18	19	14	13	14	3	18	20	2	3
otu2977	15	8	7	17	9	7	0	5	19	19
otu1854	13	3	14	0	12	20	18	3	12	11
otu2794	2	19	18	17	11	11	0	10	14	10
otu2460	6	16	8	9	20	16	4	18	15	11
otu2458	5	0	2	11	15	19	9	2	12	15
otu560	7	7	6	9	14	12	1	11	4	13
otu343	13	18	14	12	18	16	1	4	2	2
otu2051	8	16	11	2	11	15	18	16	14	7
otu1637	1	19	8	9	9	17	18	19	3	5
otu2539	4	3	4	17	11	20	8	7	7	15
otu1807	0	2	8	14	0	20	1	16	12	5
otu1157	7	5	5	19	9	20	4	17	8	6
otu489	9	7	5	17	0	19	14	17	6	15
otu755	2	12	11	9	1	8	18	18	3	8
otu47	17	6	16	16	3	19	5	7	12	2
otu614	18	1	10	4	9	10	10	5	14	16
otu2195	5	17	17	11	6	10	1	6	0	18
otu2049	6	7	13	2	13	7	3	12	5	3
otu522	19	16	8	10	1	9	6	6	20	16
otu1018	20	15	0	1	1	19	5	12	19	6
otu2992	3	0	18	5	15	19	5	16	12	18
otu1960	0	13	13	19	18	11	19	16	2	7
otu2572	19	20	6	14	5	16	5	0	5	1
otu2998	7	6	10	1	16	9	10	10	9	14
otu127	20	12	7	14	6	6	17	6	1	9
otu2482	0	17	13	2	2	17	17	11	20	10
otu764	19	19	3	11	1	7	6	17	13	1
otu2330	14	5	18	1	5	19	16	6	4	16
otu2078	17	0	18	12	1	4	10	20	16	8
otu112	19	12	3	12	2	8	17	8	16	18
otu2813	11	11	1	5	12	8	11	0	17	20
otu2281	18	10	10	2	1	9	11	5	14	13
otu1741	11	8	15	1	4	1	17	4	13	3
otu2565	0	8	7	0	14	0	3	5	9	2
otu2252	10	12	10	20	3	19	4	15	9	1
otu143	13	9	11	17	0	20	15	3	12	5
otu2815	4	6	1	13	16	4	11	5	12	7
otu2480	14	12	2	14	11	8	3	12	20	9
otu1424	8	9	20	18	19	0	15	18	19	16
otu177	10	18	10	20	15	19	9	12	1	10
otu906	7	3	9	10	12	4	5	1	7	17
otu566	15	10	1	2	6	14	15	8	20	15
otu1724	11	19	4	8	20	5	20	7	11	11
otu1506	15	8	17	14	19	13	15	15	10	16
otu2714	18	9	2	6	10	9	16	10	7	16
otu255	4	4	20	16	6	12	15	4	7	4
otu261	7	9	9	20	20	11	15	1	18	3
otu1644	12	12	5	8	14	12	11	0	17	15
otu2445	17	1	4	7	4	2	2	17	12	18
otu888	15	18	5	17	19	8	14	15	8	13
otu1181	6	20	3	10	14	4	8	1	8	6
otu16	18	15	8	10	12	2	7	8	6	10
otu1138	19	2	12	16	15	12	18	18	1	2
otu1514	13	15	0	11	9	5	9	19	0	4
otu2882	14	7	13	0	10	7	2	6	14	17
otu462	5	10	12	8	15	19	19	17	2	12
otu11	1	15	6	18	13	18	13	7	8	14
otu2619	7	2	1	7	8	19	20	1	9	17
otu424	3	11	14	4	5	6	5	1	6	9
otu890	20	7	12	0	7	6	8	11	19	3
otu1297	16	1	14	18	12	2	12	15	18	5
otu2554	10	20	18	12	13	7	6	13	9	4
otu2174	13	16	2	11	3	14	3	4	16	3
otu939	13	3	18	1	5	4	19	9	20	8
otu1872	4	16	2	9	3	0	16	1	0	11
otu1286	4	8	11	4	18	13	6	7	17	0
otu2549	3	14	11	20	19	17	20	15	11	4
otu1860	6	14	20	11	12	15	20	16	11	19
otu2886	6	4	8	12	18	18	9	11	2	14
otu753	10	19	0	17	14	3	20	14	18	4
otu2349	3	15	5	6	10	7	15	16	15	5
otu974	19	11	17	6	15	1	6	16	19	15
otu440	2	19	20	14	7	14	14	10	16	7
otu774	5	1	15	7	8	11	14	17	12	15
otu2380	7	19	14	1	3	15	20	2	15	15
otu840	19	12	4	20	9	4	14	13	7	12
otu2017	11	14	4	16	10	12	0	0	0	18
otu169	5	16	6	20	20	20	3	4	6	9
otu903	19	4	18	16	17	5	16	14	0	17
otu457	19	7	8	6	2	6	19	6	7	9
otu2960	11	7	0	2	19	11	7	2	20	0
otu1033	3	20	10	8	2	15	7	2	8	14
otu1319	8	1	14	2	0	19	6	18	8	14
otu538	11	14	9	6	7	3	19	13	6	20
otu1997	14	9	3	19	5	7	17	8	8	16
otu1075	11	12	4	11	2	11	9	5	5	0
otu1411	2	2	3	18	14	13	17	6	14	10
otu2524	11	14	3	1	13	20	14	9	7	15
otu1917	14	17	0	4	5	12	5	8	19	7
otu2301	12	3	14	18	14	17	2	0	14	2
otu384	12	7	20	20	20	17	4	8	8	11
otu284	11	1	11	0	13	4	17	18	18	4
otu31	3	4	18	7	7	2	1	5	16	7
otu2900	16	9	2	4	12	4	1	19	14	1
otu2273	12	3	7	15	18	17	20	6	1	6
otu110	13	13	15	18	10	16	20	13	15	12
otu13	7	16	12	8	20	13	18	7	16	7
otu1037	12	11	13	17	20	13	19	13	2	14
otu2025	4	11	12	7	5	2	11	14	4	17
otu2357	10	10	13	14	16	13	20	14	7	17
otu2742	18	6	6	12	19	20	15	11	19	13
otu1350	1	15	16	7	13	5	1	1	9	18
otu1509	14	8	18	14	4	17	15	11	14	20
otu1500	18	15	8	2	18	4	15	10	2	0
otu99	0	8	10	10	9	19	7	0	18	9
otu1459	7	14	1	20	1	0	11	4	15	1
otu368	19	13	14	9	0	0	8	13	17	17
otu2179	5	10	3	3	2	20	17	19	19	11
otu2966	1	9	9	12	14	1	4	13	10	20
otu2345	0	3	2	5	8	7	3	0	4	10
otu1685	12	6	16	15	13	13	13	11	15	17
otu1712	7	5	14	13	8	2	13	6	20	0
otu1397	11	8	11	5	19	11	9	12	9	15
otu1877	10	17	8	17	2	0	9	10	7	10
otu2052	8	19	18	2	3	1	9	12	19	8
otu78	11	11	20	15	9	19	0	17	2	2
otu557	17	20	18	6	16	9	10	14	16	16
otu1374	17	16	20	9	4	5	9	8	7	17
otu762	8	19	7	17	0	0	12	15	17	10
otu2352	6	14	16	14	6	15	3	10	20	7
otu2776	13	18	15	19	10	7	3	2	7	4
otu504	11	12	17	4	11	12	3	7	0	17
otu1693	8	8	14	20	11	0	5	11	7	4
otu1760	3	19	7	6	3	3	19	18	14	12
otu2427	20	10	12	9	10	9	5	5	0	1
otu1465	18	17	1	17	1	12	10	9	6	20
otu2812	13	20	10	5	20	4	20	4	0	0
otu610	18	17	2	3	5	17	12	5	18	11
otu298	14	7	16	2	10	15	11	0	9	6
otu1585	6	14	8	19	0	9	4	16	15	15
otu2785	15	0	9	6	2	0	0	0	18	6
otu1358	3	6	9	8	9	14	18	2	1	19
otu1032	12	13	15	15	3	18	17	6	8	10
otu2431	1	0	0	14	0	1	14	14	13	18
otu1126	1	13	20	15	18	6	4	0	2	7
otu2768	4	17	7	8	9	4	11	13	6	12
otu1703	6	5	10	13	17	0	0	6	12	19
otu747	20	5	1	9	20	1	16	4	16	16
otu1066	19	8	8	2	12	14	20	0	8	4
otu521	17	5	4	0	0	5	4	11	19	8
otu1481	9	5	11	9	16	3	15	11	11	20
otu1925	4	4	3	19	10	7	5	6	10	11
otu795	12	5	12	17	3	1	19	20	19	3
otu642	15	2	9	3	0	16	14	14	16	16
otu962	13	1	3	19	15	10	4	1	1	1
otu657	2	8	17	17	18	11	0	6	17	2
otu1121	15	20	9	10	9	12	13	7	3	1
otu1627	14	6	8	14	10	10	13	18	14	19
otu530	7	18	8	6	12	6	17	14	3	8
otu139	14	1	20	14	13	15	11	3	12	10
otu2726	20	9	7	9	17	10	5	16	7	15
otu2192	16	17	9	16	5	9	10	11	0	7
otu1366	16	19	5	10	11	17	3	4	0	11
otu808	4	10	5	16	7	16	9	5	0	13
otu162	16	5	3	14	5	3	14	10	8	13
otu1192	0	4	4	0	17	8	7	13	6	19
otu944	9	5	20	8	20	7	11	10	2	0
otu2087	4	8	8	18	3	14	19	19	0	16
otu1621	0	20	4	12	5	18	7	13	6	10
otu2108	9	13	4	13	17	4	19	19	6	13
otu1516	11	5	13	14	16	0	7	2	14	11
otu2412	7	1	4	15	7	2	9	19	13	2
otu2763	13	7	0	16	5	1	11	18	0	5
otu1242	0	20	13	16	17	16	2	3	20	10
otu2958	15	7	11	10	12	11	13	15	4	10
otu1100	20	16	1	8	13	13	18	11	13	5
otu1814	12	20	3	8	7	20	13	11	19	2
otu2360	12	5	17	9	20	10	12	17	9	0
otu267	17	10	5	20	7	12	3	8	17	5
otu2952	7	7	7	20	14	16	12	10	4	18
otu2225	13	5	18	20	3	15	17	5	11	1
otu2512	12	20	5	13	14	14	18	5	2	7
otu2055	0	12	3	8	13	20	15	12	8	7
otu1072	9	2	3	4	16	11	18	16	2	5
otu876	11	0	10	17	16	18	3	17	11	6
otu2350	1	11	16	14	1	1	10	13	17	19
otu2274	12	9	1	17	0	3	7	20	12	6
otu350	0	18	18	2	11	18	5	12	1	18
otu1501	6	9	8	19	19	18	17	0	20	9
otu908	2	15	11	10	9	13	0	13	17	6
otu1836	12	15	4	13	20	9	12	15	17	8
otu2437	20	19	2	17	16	14	11	0	8	4
otu1849	14	17	20	1	16	16	15	15	9	4
otu1077	17	1	5	14	19	15	16	1	9	4
otu773	5	4	6	19	11	0	10	3	1	18
otu1425	9	12	1	4	4	17	0	12	9	5
otu2399	11	0	20	10	5	2	3	18	13	10
otu1744	14	8	11	11	9	2	15	8	2	8
otu1599	10	3	17	17	18	14	15	17	2	2
otu145	2	8	5	17	2	1	2	6	0	13
otu1250	15	2	19	7	3	1	18	5	20	16
otu1981	11	15	10	18	18	19	10	16	7	18
otu2243	5	18	4	9	5	9	2	10	7	19
otu2828	3	0	12	13	3	12	4	4	11	12
otu2493	18	17	15	0	15	11	8	18	12	20
otu118	11	12	16	12	11	16	6	13	11	8
otu1282	17	18	15	18	9	16	3	19	6	7
otu756	12	20	12	7	5	11	18	16	13	18
otu554	9	4	16	4	7	17	0	11	9	8
otu450	17	4	15	11	3	18	18	5	19	11
otu131	20	13	4	8	10	3	3	18	16	14
otu2830	11	20	5	2	6	10	6	2	0	3
otu2361	20	17	3	13	10	13	2	2	2	15
otu1929	17	1	9	18	16	19	1	8	14	16
otu984	16	10	0	20	9	6	16	16	17	1
otu875	7	20	11	15	18	11	10	1	10	17
otu2471	16	9	1	2	10	7	6	6	8	10
otu2580	8	15	3	3	10	10	19	3	4	9
otu471	16	18	11	10	12	2	13	1	9	13
otu2750	16	5	13	19	19	15	13	11	9	13
otu1858	7	16	11	19	12	16	8	7	0	1
otu814	16	1	9	8	15	0	8	15	16	10
otu1153	2	20	6	16	15	5	2	19	15	11
otu2434	15	14	11	7	12	3	17	8	12	0
otu227	1	18	17	6	19	7	3	19	0	20
otu2505	2	19	11	5	4	3	10	7	2	8
otu1611	4	18	17	19	9	4	17	14	14	5
otu2418	14	5	13	6	20	14	2	0	8	6
otu1163	14	15	12	20	1	15	14	7	12	15
otu2282	15	9	12	12	0	7	18	7	18	2
otu461	6	18	15	11	9	11	10	2	15	1
otu310	0	7	7	5	7	10	0	18	8	16
otu2528	4	2	14	1	1	10	12	19	6	2
otu2034	4	9	17	11	13	10	8	4	12	6
otu2733	20	6	1	19	14	7	14	2	13	7
otu878	0	19	19	20	7	5	10	10	14	10
otu2137	6	2	15	20	14	15	9	5	14	8
otu2411	14	2	8	14	20	16	19	2	9	4
otu2983	4	10	8	15	12	8	6	19	11	18
otu1237	15	15	17	9	20	5	14	5	9	5
otu1482	18	6	13	6	19	10	1	18	18	9
otu2944	1	4	17	4	1	0	6	4	5	20
otu2535	20	5	10	12	18	4	6	12	14	7
otu1528	18	6	3	0	15	4	10	17	19	8
otu2694	8	11	8	11	5	13	10	16	19	5
otu2934	11	16	19	8	1	18	12	8	20	20
otu1959	9	3	16	18	8	18	18	13	15	13
otu1874	1	8	12	17	10	12	3	14	8	11
otu1203	3	16	19	1	0	16	12	4	4	15
otu2045	8	1	4	17	7	1	5	14	13	3
otu1477	1	20	17	14	3	11	8	2	6	16
otu2582	20	17	19	3	1	20	4	2	1	2
otu1815	13	13	19	2	15	4	15	8	16	19
otu2194	19	6	8	1	20	14	9	12	5	5
otu1726	8	13	9	14	4	5	3	20	7	7
otu782	12	10	11	19	5	17	8	11	12	15
otu481	7	0	13	0	4	16	8	8	14	0
otu1357	7	5	1	9	8	3	3	6	18	7
otu2647	12	3	8	3	14	9	6	19	8	18
otu198	12	11	12	0	12	15	8	2	10	2
otu385	16	13	18	8	16	13	19	4	3	0
otu2971	0	5	13	14	13	8	19	15	13	17
otu1486	4	10	12	15	2	3	14	11	15	14
otu164	10	2	4	11	20	17	8	12	12	4
otu2082	18	2	10	15	3	20	7	9	16	19
otu1040	16	2	16	5	9	5	8	4	16	10
otu859	4	1	6	0	18	6	19	1	0	1
otu2181	7	20	1	0	13	6	5	17	18	14
