otu	sample0	sample1	sample2	sample3	sample4	sample5	sample6	sample7	sample8	sample9
otu2961	10	1	7	0	5	2	19	17	4	3
otu685	16	11	14	12	2	6	17	16	14	6
otu1428	2	2	14	10	0	7	14	19	0	2
otu2535	20	11	11	19	11	10	7	3	20	17
otu546	6	10	10	4	13	13	19	11	18	5
otu987	7	2	4	12	5	14	2	5	5	3
otu2040	5	12	13	3	1	5	15	19	17	16
otu524	18	1	11	20	16	8	14	17	3	5
otu1346	16	10	16	3	5	17	9	1	1	17
otu2014	8	16	8	7	20	9	12	17	6	19
otu2868	12	9	6	20	0	3	11	9	20	10
otu1043	0	9	6	4	5	13	14	19	4	15
otu1129	11	2	20	6	8	9	15	18	17	5
otu159	10	12	3	12	7	14	14	14	11	15
otu55	5	1	17	3	13	1	10	18	20	5
otu2850	7	7	0	1	14	4	6	6	9	9
otu2657	13	20	13	17	15	10	7	8	14	12
otu2899	14	0	10	2	0	11	1	2	13	7
otu865	3	19	12	19	11	14	17	15	15	1
otu2810	10	2	16	20	13	10	11	18	20	2
otu1948	13	2	20	13	16	8	5	8	13	16
otu2536	14	10	3	18	17	4	17	18	16	2
otu2858	15	7	4	14	20	2	16	16	12	11
otu866	18	6	19	2	7	17	20	7	9	19
otu1508	10	12	8	19	17	7	17	19	6	11
otu1238	8	5	17	1	20	10	7	18	20	7
otu2860	1	20	7	9	17	17	19	5	4	19
otu754	15	3	6	11	4	9	1	12	18	6
otu2646	7	3	15	4	5	12	20	2	17	19
otu972	3	16	16	15	14	3	16	12	7	8
otu22	3	16	3	18	7	0	15	0	8	12
otu270	11	11	5	1	18	3	16	15	12	19
otu1679	6	19	16	13	3	14	13	0	2	15
otu1555	3	13	7	2	5	20	0	6	16	3
otu1814	10	9	5	10	5	3	18	12	0	9
otu46	6	1	4	19	10	8	18	15	19	15
otu60	0	1	5	5	15	3	8	10	19	11
otu2916	3	14	18	9	15	1	10	13	10	20
otu2801	9	19	16	9	20	1	5	13	5	4
otu2617	2	4	11	12	11	13	2	8	5	7
otu1240	16	2	9	4	15	20	14	12	20	5
otu460	3	14	15	8	17	15	8	0	12	10
otu966	7	11	10	7	20	1	9	17	5	12
otu269	14	14	11	9	17	9	7	17	9	13
otu1792	9	13	0	0	8	0	18	12	11	8
otu2624	8	17	14	8	8	11	13	12	18	15
otu1278	4	4	5	19	11	10	1	17	15	5
otu2124	0	5	5	17	19	5	14	7	18	11
otu1776	2	18	16	3	17	11	4	17	16	13
otu443	11	9	12	10	3	19	16	3	3	17
otu2521	1	19	3	20	16	16	17	10	11	6
otu2676	2	11	11	3	14	5	9	11	3	7
otu1784	0	15	12	17	20	0	4	20	4	7
otu2780	14	4	14	1	17	10	7	12	15	4
otu1255	0	11	1	14	7	1	20	10	13	5
otu1025	4	7	2	6	0	1	17	13	18	20
otu1075	14	17	2	16	10	3	11	11	15	13
otu731	19	3	8	0	3	5	6	1	9	20
otu1652	0	8	15	15	18	2	4	16	20	0
otu518	2	0	5	14	13	4	1	18	20	9
otu1029	18	5	18	8	10	1	3	5	11	11
otu427	1	12	13	2	19	9	10	3	8	9
otu1182	20	2	13	3	3	13	3	1	6	15
otu409	9	5	16	15	8	13	1	9	13	2
otu1952	15	0	5	13	19	12	7	5	1	1
otu1365	15	12	12	8	8	4	16	17	18	8
otu1452	1	19	20	3	6	8	11	6	7	19
otu2092	7	1	9	2	13	20	4	4	16	17
otu2176	11	10	1	11	10	13	0	14	7	4
otu164	7	5	13	2	1	20	10	20	16	19
otu279	20	2	19	5	11	16	18	8	20	18
otu2598	16	15	12	3	2	2	12	20	14	10
otu1975	11	11	16	17	9	15	4	17	14	18
otu2874	20	2	2	4	2	3	20	0	18	14
otu2102	5	13	11	10	7	15	20	5	7	5
otu1055	7	15	9	9	12	13	5	11	18	9
otu2895	5	1	10	15	8	10	1	13	11	1
otu586	0	6	13	6	3	11	13	15	6	1
otu1302	18	2	9	11	13	9	10	10	5	9
otu1566	13	2	6	18	10	13	8	14	13	3
otu1066	2	4	15	13	17	15	20	2	20	20
otu2717	20	1	3	13	17	1	4	11	11	11
otu2420	9	12	6	13	7	9	7	4	1	1
otu266	4	20	3	10	16	17	19	8	13	12
otu2876	12	3	18	12	16	5	0	15	4	3
otu2632	11	4	19	1	19	18	14	16	10	8
otu1382	9	16	5	20	18	17	11	3	3	15
otu554	13	18	12	8	8	2	3	5	10	1
otu2658	4	20	7	18	0	3	4	3	12	3
otu650	19	15	0	10	1	16	20	7	20	13
otu1669	5	8	4	12	15	8	17	13	15	19
otu1739	19	9	1	9	2	15	4	16	16	0
otu1538	4	4	13	18	5	14	6	14	3	18
otu2751	19	9	12	9	10	18	11	6	9	16
otu1220	10	7	19	13	2	1	12	11	5	0
otu625	1	16	1	19	9	9	1	5	0	0
otu1618	3	12	20	8	16	10	14	16	6	4
otu2214	11	7	14	6	19	2	1	0	8	6
otu1292	5	10	14	17	10	0	17	9	3	5
otu1910	13	13	4	5	18	19	17	15	14	19
otu363	15	5	16	4	8	7	11	0	19	19
otu1567	12	8	15	11	16	12	0	4	1	0
otu863	14	8	15	15	2	16	19	0	10	5
otu1823	0	18	6	10	5	1	0	7	16	10
otu1110	20	18	12	13	19	9	10	2	18	9
otu520	14	4	19	19	7	4	4	10	8	13
otu1857	0	2	13	11	7	1	17	20	10	19
otu166	9	20	17	8	7	10	1	18	6	17
otu2687	18	16	15	8	9	18	5	19	6	8
otu649	19	13	11	11	16	18	4	7	9	13
otu693	20	10	0	19	1	0	20	1	10	19
otu636	8	5	17	2	9	3	3	7	14	18
otu989	17	16	1	14	13	13	9	0	10	15
otu534	10	9	7	13	1	4	5	13	8	9
otu1024	19	19	8	12	14	14	16	12	5	10
otu2285	19	5	0	18	7	15	1	1	16	5
otu302	13	1	11	15	20	11	18	13	10	19
otu1663	0	18	3	8	12	6	16	8	8	18
otu610	0	20	17	12	12	4	20	18	9	20
otu2894	3	18	17	20	19	1	15	14	19	17
otu178	6	13	12	15	20	3	20	7	8	16
otu1325	17	5	7	14	11	8	18	11	12	1
otu206	18	0	2	11	11	5	14	17	10	17
otu1522	6	19	6	17	16	17	7	18	2	15
otu877	19	12	14	14	12	0	20	7	1	1
otu1820	20	19	13	4	0	10	10	2	0	14
otu1146	2	10	8	15	3	0	8	5	20	16
otu2523	1	6	5	2	11	13	18	15	3	13
otu1702	5	10	17	19	4	2	15	8	12	2
otu2213	4	2	12	20	0	2	20	2	14	0
otu2653	10	16	20	2	2	18	16	1	20	15
otu837	19	0	4	6	7	19	6	3	6	3
otu620	14	6	5	3	1	14	17	2	2	12
otu992	16	20	13	2	16	4	19	0	7	12
otu1107	8	12	15	4	2	16	16	7	13	15
otu414	5	14	14	0	12	17	15	5	1	2
otu1865	7	5	2	1	5	6	5	2	3	11
otu869	17	11	3	4	18	13	10	10	18	2
otu2942	20	18	17	7	16	2	19	5	16	19
otu1233	12	14	10	7	4	11	13	16	19	4
otu850	5	1	12	5	13	15	19	7	10	19
otu1005	2	17	7	20	20	16	2	14	11	17
otu196	0	18	1	20	5	3	6	17	5	6
otu371	15	18	4	0	2	17	1	0	19	19
otu1464	9	8	8	1	15	3	0	16	20	0
otu732	2	13	19	8	10	16	17	7	2	17
otu1183	15	2	12	5	13	8	9	3	12	16
otu255	15	20	0	16	14	17	20	14	4	16
otu2054	1	10	3	19	9	4	17	4	17	4
otu156	15	12	16	12	13	14	20	9	10	8
otu2613	20	8	11	0	8	9	1	5	14	17
otu2129	8	3	2	14	6	6	8	8	4	9
otu364	13	0	5	6	12	11	18	2	20	10
otu1234	8	8	16	1	2	10	2	13	7	10
otu1580	16	9	10	10	14	18	6	19	9	12
otu1097	5	5	1	6	20	3	0	16	13	1
otu1634	12	0	16	13	14	3	7	13	12	20
otu1244	13	19	10	2	18	9	3	2	12	1
otu1754	5	8	11	9	19	12	19	12	15	1
otu132	4	14	17	0	4	15	3	14	18	0
otu2732	1	15	12	14	8	20	4	5	6	15
otu781	0	17	7	19	9	12	13	5	8	10
otu0	2	20	19	3	1	7	10	13	2	20
otu1757	8	11	13	2	19	19	3	18	7	7
otu311	18	0	7	18	11	3	6	12	19	15
otu1151	0	1	9	8	1	12	19	15	10	19
otu248	1	13	8	17	17	14	20	14	10	9
otu806	1	11	8	18	19	2	3	1	14	20
otu638	18	19	4	18	8	16	3	17	9	0
otu1750	13	7	8	8	10	10	9	11	18	6
otu2350	2	19	0	19	5	11	1	3	3	3
otu1344	5	4	17	8	15	14	15	13	5	20
otu705	6	5	2	6	1	4	14	5	17	6
otu2909	8	8	19	12	3	12	2	16	7	11
otu1414	5	12	18	19	15	10	0	11	11	19
otu1090	4	11	14	7	12	18	16	2	7	7
otu292	1	11	19	12	1	10	18	2	20	12
otu2218	9	15	19	11	14	12	5	3	0	20
otu1767	1	0	8	19	6	13	6	17	3	0
otu1656	18	2	20	4	16	9	3	19	1	0
otu2289	17	8	5	6	7	6	9	9	10	1
otu1180	17	0	9	4	6	1	9	11	7	17
otu440	17	8	7	9	12	8	4	3	7	1
otu729	9	11	16	14	4	15	8	10	14	20
otu858	3	1	2	5	6	17	1	16	3	11
otu842	3	7	16	19	9	4	15	15	1	12
otu1801	12	19	16	4	12	1	2	0	10	10
otu1112	3	15	18	10	17	8	1	2	16	6
otu1355	12	7	9	5	16	6	18	4	5	19
otu1290	11	17	13	18	18	3	0	12	5	6
otu666	8	19	7	13	15	4	17	13	0	0
otu72	2	10	8	8	7	19	6	16	5	3
otu2590	4	19	14	11	18	8	1	5	13	8
otu991	4	4	20	9	2	16	14	10	15	4
otu932	0	1	1	18	13	12	15	16	4	0
otu2934	20	7	17	6	17	13	20	17	7	14
otu352	16	5	9	18	18	4	2	5	6	15
otu2766	13	6	15	7	3	18	13	9	1	7
otu1984	7	18	11	8	11	19	11	1	4	11
otu892	13	4	4	16	17	17	6	13	8	1
otu1217	9	14	11	2	4	13	8	2	2	5
otu1899	3	19	2	12	14	6	1	20	13	16
otu928	2	0	16	7	10	5	9	0	15	9
otu2439	0	10	18	7	0	13	14	16	5	8
otu1893	13	17	12	18	10	18	0	5	17	6
otu2753	18	11	20	7	15	5	12	3	19	5
otu2288	16	3	14	10	19	15	5	12	16	17
otu1760	1	20	15	8	0	7	12	8	9	14
otu2511	9	9	3	19	18	2	9	2	6	18
otu577	17	2	7	5	7	2	11	1	11	19
otu2069	1	16	18	8	2	0	7	5	9	10
otu2945	9	13	9	2	8	9	10	4	11	20
otu329	12	2	4	2	19	15	16	19	11	0
otu664	9	19	4	5	19	11	7	18	5	6
otu1904	12	12	9	17	1	4	20	15	7	5
otu1724	1	11	14	3	11	0	3	12	1	20
otu1430	13	5	16	2	2	8	14	14	17	13
otu444	12	18	11	0	1	10	20	2	17	7
otu2491	7	1	6	18	10	18	9	10	17	9
otu476	12	6	3	2	9	11	17	5	6	8
otu2303	4	14	9	8	13	17	2	10	13	1
otu2812	16	18	7	10	5	3	16	16	18	18
otu240	10	16	18	19	15	2	16	11	19	12
otu136	7	10	12	5	2	6	4	11	0	17
otu170	18	16	3	8	15	7	2	20	3	14
otu2509	20	6	12	16	7	5	9	1	13	7
otu2292	16	0	2	4	2	1	12	15	5	3
otu2279	7	3	13	2	18	8	0	12	2	1
otu724	6	14	5	1	20	17	5	16	18	13
otu1317	0	20	13	1	1	1	11	6	7	0
otu316	5	14	18	1	18	0	1	3	18	8
otu99	18	0	0	17	9	7	10	18	1	10
otu49	20	10	12	4	7	17	4	9	15	3
otu1266	19	3	15	5	8	18	19	16	2	20
otu303	9	3	20	0	13	20	3	1	19	9
otu1124	2	11	14	12	19	2	2	9	20	11
otu1967	11	9	14	15	11	13	5	7	19	12
otu260	8	13	7	3	6	19	13	11	18	2
otu1072	2	16	7	17	17	9	6	0	8	1
otu48	17	2	0	7	8	12	3	1	9	17
otu31	8	5	1	19	6	10	16	3	16	9
otu680	9	11	7	8	1	19	17	8	12	9
otu2274	14	8	20	3	18	8	7	0	20	18
otu564	10	19	6	15	15	20	4	18	12	15
otu1545	18	20	16	16	18	16	12	10	19	5
otu1673	16	18	4	11	13	7	3	9	17	20
otu1154	8	17	1	5	3	12	2	7	2	7
otu1336	17	4	4	11	18	19	2	3	1	17
otu2237	2	14	7	4	3	19	3	2	4	8
otu1619	4	10	4	2	19	10	0	20	7	15
otu702	4	10	7	5	16	7	3	14	7	11
otu540	11	2	16	14	6	8	16	4	20	7
otu1490	6	5	1	5	14	18	17	11	16	18
otu1686	18	15	19	13	3	18	4	12	0	8
otu995	13	10	17	11	1	8	20	0	16	10
otu1866	13	17	5	2	16	15	10	3	13	13
otu950	11	16	5	6	16	4	0	20	12	12
otu839	13	5	3	8	6	13	4	18	13	19
otu436	15	2	12	5	2	8	2	20	14	20
otu2174	2	20	10	19	13	1	3	14	9	6
otu1136	1	16	19	16	9	2	5	10	2	3
otu532	14	17	12	11	1	17	13	1	10	16
otu445	3	10	4	4	6	16	5	0	8	10
otu2863	7	17	9	5	6	13	7	6	2	10
otu2032	1	14	7	6	15	17	20	8	8	20
otu191	4	2	19	1	8	9	9	20	8	4
otu391	6	0	0	6	4	16	4	3	19	12
otu1099	17	8	6	15	3	0	8	10	6	10
otu1859	3	19	5	5	12	2	10	12	13	2
otu2684	12	8	2	7	15	17	2	17	8	3
otu2580	0	6	4	9	19	7	5	10	5	14
otu224	4	1	7	0	15	7	7	17	0	15
otu1517	16	19	9	2	5	7	17	0	7	19
otu451	6	9	13	12	17	19	15	4	20	8
otu183	0	0	16	7	19	15	15	20	13	15
otu2736	0	9	1	15	4	0	6	7	5	12
otu1170	8	15	15	5	16	5	20	12	9	0
otu120	5	16	10	17	15	5	19	2	4	20
otu2988	2	7	15	0	7	9	15	0	11	19
otu1578	9	0	7	18	6	5	10	9	13	10
otu875	13	12	0	16	15	20	14	1	3	15
otu438	14	8	11	13	13	5	2	19	3	15
otu2104	5	5	12	18	0	1	4	19	13	8
otu2705	8	0	19	9	13	9	16	15	18	0
otu1047	9	1	3	4	15	18	15	0	16	20
otu1392	18	2	5	9	11	15	5	5	3	19
otu1651	0	6	9	4	2	10	18	1	3	0
otu623	2	0	10	14	9	19	10	19	17	18
otu2185	14	13	19	1	2	12	13	3	11	8
otu669	19	19	2	18	14	1	2	14	11	7
otu676	1	12	17	14	3	1	12	6	1	8
otu1987	6	13	10	5	1	18	20	10	4	19
otu834	15	15	12	7	2	19	1	6	15	6
otu1524	4	0	17	18	8	19	11	17	12	16
otu2622	11	1	9	5	9	19	0	8	5	19
otu1766	13	20	6	1	1	19	16	14	14	12
otu2348	18	7	12	8	4	11	16	6	10	16
otu2242	6	9	17	7	5	14	0	12	18	8
otu838	4	20	0	6	7	14	5	0	5	16
otu1887	14	0	0	11	13	18	13	5	8	1
otu2120	17	19	19	15	2	14	7	2	2	6
otu2681	10	14	0	7	16	18	14	13	2	12
otu544	1	9	0	1	15	7	2	19	6	2
otu2837	5	10	9	10	2	4	10	18	19	11
otu1855	17	6	14	12	10	18	20	18	2	5
otu264	0	18	10	11	18	20	14	3	20	16
otu2888	10	2	1	13	10	14	12	1	3	2
otu41	20	13	14	0	12	18	12	16	20	1
otu1273	19	19	9	6	0	16	13	6	19	6
otu65	8	10	18	19	3	19	15	19	12	9
otu813	0	19	18	7	1	3	17	11	12	3
otu2889	16	9	9	14	5	10	7	2	20	10
otu268	4	8	17	16	12	18	11	19	15	13
otu468	13	17	20	8	19	2	0	20	11	11
otu2483	7	13	18	17	19	6	13	10	16	17
otu2661	13	10	20	6	6	3	9	1	13	5
otu831	13	15	8	14	0	4	13	7	4	7
otu1356	10	4	11	2	17	14	17	2	5	18
otu2528	16	9	13	7	15	17	0	11	16	2
otu90	19	18	7	17	16	0	20	15	17	11
otu245	1	18	10	7	12	16	17	6	12	17
otu63	9	11	1	3	2	8	11	7	11	16
otu7	3	2	0	4	19	5	7	20	10	18
otu73	16	20	0	5	1	4	19	20	20	17
otu2586	10	17	18	6	13	7	4	19	15	8
otu2520	9	13	4	20	9	15	11	11	6	3
otu746	8	0	14	11	16	12	4	1	11	19
otu2360	2	3	3	2	19	3	17	0	20	0
otu949	3	0	2	20	1	12	4	20	17	15
otu1812	2	2	8	19	17	18	9	6	10	19
otu1190	15	10	0	16	0	19	17	8	8	4
otu2897	12	7	2	20	17	9	3	18	10	0
otu1692	13	9	16	16	20	0	12	12	0	12
otu1169	4	7	0	0	7	1	18	17	19	19
otu621	19	10	11	8	0	9	7	0	16	4
otu1222	19	16	11	2	11	18	10	3	16	10
otu2919	20	14	4	13	20	5	9	20	17	11
otu2963	7	15	0	9	0	12	5	20	20	16
otu2373	15	6	1	11	17	12	17	13	2	5
otu1530	1	2	20	8	9	4	7	3	3	12
otu2623	7	9	16	19	18	18	20	15	11	18
otu711	4	12	16	13	10	10	17	18	18	13
otu1815	0	19	3	7	18	13	9	13	12	17
otu1614	14	15	8	7	20	9	3	7	12	20
otu742	16	10	1	18	2	17	1	7	8	13
otu2403	10	11	11	6	7	14	1	17	16	11
otu929	13	19	0	0	6	17	10	5	0	13
otu1046	12	13	14	19	16	0	15	12	10	4
otu426	10	14	4	1	8	3	17	10	19	1
otu2654	1	12	6	12	15	0	18	7	0	15
otu1120	13	0	18	13	1	19	9	15	16	12
otu2001	8	20	7	17	2	20	11	9	9	15
otu1127	19	10	9	0	4	18	5	1	0	5
otu1205	12	14	4	6	8	4	5	15	1	12
otu1986	19	15	12	13	20	17	10	12	4	4
otu531	2	8	10	2	8	5	9	9	17	0
otu2308	12	4	20	3	15	18	6	11	19	0
otu969	10	2	1	11	4	7	18	6	12	0
otu2706	14	14	11	3	5	12	7	7	0	5
otu2469	0	7	19	2	6	14	13	8	4	6
otu1575	20	12	20	11	7	19	7	17	13	1
otu1149	4	15	16	12	9	7	18	3	20	1
otu629	2	4	3	20	4	17	10	15	16	18
otu691	18	6	2	0	3	9	1	12	5	19
otu1137	5	13	14	3	17	0	7	10	2	5
otu2189	14	8	19	4	0	1	4	5	11	7
otu2891	4	16	3	20	19	10	19	8	19	9
otu1162	7	7	15	14	15	4	13	9	4	1
otu2679	12	18	18	4	1	19	8	1	20	7
otu1947	20	9	7	16	17	19	10	5	15	14
otu1531	0	17	19	13	3	2	3	7	17	14
otu379	6	12	12	5	15	13	13	20	2	16
otu2761	12	12	2	20	20	7	3	5	16	5
otu1631	14	12	11	3	9	18	13	11	0	9
otu204	16	14	13	16	20	7	19	14	3	7
otu2172	10	0	8	1	4	15	5	5	12	11
otu2806	18	19	8	15	18	13	3	10	6	6
otu2432	6	3	15	14	8	0	12	10	16	15
otu1743	14	7	12	8	3	3	8	12	9	14
otu106	12	11	17	20	20	18	12	16	2	12
otu1175	5	3	5	10	16	12	6	4	9	3
otu2936	6	18	20	13	10	18	8	13	16	18
otu767	20	10	5	5	0	18	4	18	14	18
otu516	13	17	11	19	5	16	10	0	3	14
otu1564	8	9	20	5	15	13	4	19	1	15
otu1187	20	3	20	3	15	1	8	14	12	11
otu663	4	2	19	4	1	3	18	17	14	13
otu871	16	19	0	2	5	8	3	5	10	11
otu2372	16	7	9	7	8	2	5	8	13	4
otu384	3	11	19	1	20	18	17	1	9	3
otu1873	13	20	12	7	9	13	10	16	11	7
otu1927	12	19	19	12	1	5	9	15	12	14
otu2437	12	2	4	2	3	10	7	12	20	5
otu2005	6	19	3	17	5	6	20	11	5	9
otu771	3	7	7	13	1	20	20	9	4	0
otu601	15	3	20	18	2	18	0	13	2	2
otu2905	10	0	10	15	13	13	5	4	14	16
otu2738	13	9	17	7	3	2	7	11	3	10
otu1371	14	0	15	13	11	12	15	13	1	4
otu2547	7	13	5	18	9	20	19	14	18	20
otu1920	16	6	6	8	15	19	16	9	5	9
otu2784	2	18	10	4	5	3	15	3	18	8
otu2747	6	2	14	6	3	9	17	13	0	12
otu239	16	1	0	2	15	7	11	6	17	17
otu2879	13	0	12	13	17	1	2	6	5	8
otu545	20	9	8	6	10	17	3	4	7	10
otu9	17	12	7	10	15	15	5	3	10	19
otu2368	6	13	15	17	15	20	15	0	0	2
otu1405	20	8	8	18	4	1	9	1	6	9
otu1109	11	12	12	17	12	5	1	8	11	3
otu726	11	13	5	19	13	14	4	1	13	7
otu230	3	7	16	5	5	16	13	5	5	15
otu1961	17	9	4	14	13	16	9	18	0	14
otu2500	17	13	14	19	19	11	6	8	2	4
otu1711	5	16	11	10	20	0	1	12	1	17
otu574	9	9	17	5	8	6	12	17	7	10
otu109	15	13	8	4	13	7	8	5	3	6
otu2116	2	2	10	10	10	6	10	6	13	14
otu853	20	17	9	5	19	1	2	4	19	1
otu2628	11	8	18	8	4	11	12	11	16	13
otu1481	5	7	6	17	15	4	14	11	13	6
otu1609	17	9	1	11	15	4	10	8	18	10
otu2460	13	7	13	17	5	9	9	10	11	11
otu1624	4	6	2	1	18	3	16	14	19	18
otu1007	11	17	15	0	2	7	10	8	1	11
otu2204	13	7	16	5	18	10	0	5	19	11
otu1003	4	12	13	18	20	12	7	17	13	14
otu2057	13	18	9	15	7	14	6	8	0	14
otu1556	17	16	6	11	19	3	0	12	15	16
otu1363	8	19	18	13	8	9	15	9	17	1
otu1493	3	19	1	2	13	8	11	6	12	11
otu1420	15	1	4	7	11	7	15	7	10	14
otu2130	3	12	10	5	13	3	20	2	1	14
otu1863	15	10	12	9	1	5	0	11	7	2
otu2052	18	3	14	1	9	0	19	11	16	4
otu372	14	12	13	2	18	14	16	15	18	18
otu1693	3	8	14	12	2	12	16	1	9	6
otu423	1	11	8	7	18	17	1	20	2	11
otu1621	19	12	20	14	20	5	10	1	10	6
otu1926	6	2	5	20	15	9	18	9	4	7
otu2625	5	0	11	7	11	19	15	1	10	20
otu28	6	13	4	14	13	5	20	4	2	17
otu720	11	0	16	12	1	0	7	18	1	11
otu2878	5	6	16	19	20	15	14	6	14	10
otu2792	3	17	0	14	0	0	3	4	15	3
otu1091	17	2	20	15	17	17	9	11	8	16
otu919	10	15	19	9	9	19	18	3	11	15
otu744	18	5	6	8	7	4	16	19	0	17
otu1367	7	0	9	6	11	2	20	3	18	11
otu2793	9	19	12	18	15	17	16	6	11	13
otu430	5	13	12	8	12	1	17	6	7	3
otu981	3	4	7	2	8	20	12	5	5	4
otu909	3	14	16	20	10	9	9	5	9	6
otu1806	3	7	11	0	5	17	10	12	8	11
otu2454	5	14	11	14	15	11	16	9	3	14
otu1168	18	13	2	19	15	8	9	14	13	6
otu582	18	8	8	2	10	14	3	18	7	15
otu2113	20	12	5	15	14	2	20	17	10	16
otu59	10	4	19	10	16	14	4	12	3	9
otu2046	19	18	18	9	4	20	6	10	17	17
otu796	4	15	13	12	2	6	8	3	13	14
otu523	1	15	9	5	3	16	15	2	2	10
otu2767	16	14	12	18	3	11	13	4	15	2
otu1677	1	18	5	19	0	6	11	5	15	15
otu2239	3	16	15	4	0	10	11	17	5	2
otu954	11	5	19	0	7	5	19	8	13	6
otu2803	20	14	17	9	2	15	11	10	9	10
otu1949	20	11	11	11	18	15	6	0	2	18
otu2480	13	19	1	12	20	10	20	4	5	10
otu818	12	6	4	6	9	16	12	17	9	14
otu2075	2	5	6	9	14	0	20	2	18	0
otu1287	1	5	18	3	19	13	1	20	13	18
otu2946	20	5	4	0	20	18	16	2	0	9
otu634	2	9	19	12	12	16	15	14	11	12
otu2335	17	19	2	17	19	13	20	6	8	12
otu1123	15	8	3	16	16	18	1	6	2	7
otu673	0	15	14	8	18	20	4	15	9	8
otu1014	5	2	14	2	12	2	4	10	17	20
otu1884	7	4	14	2	16	6	7	18	1	17
otu1620	4	13	18	19	16	20	6	3	8	5
otu519	19	1	10	18	10	7	13	17	9	1
otu1844	10	1	20	2	8	18	3	19	14	16
otu1816	15	16	13	9	13	10	8	20	3	1
otu2471	17	5	18	0	15	20	17	12	11	7
otu2567	9	3	4	7	20	4	0	0	15	9
otu631	12	0	7	19	7	9	20	15	12	19
otu317	7	18	10	19	2	15	0	17	3	9
otu1378	14	5	6	19	20	18	18	14	3	8
otu2677	8	11	6	8	9	11	10	19	2	11
otu876	6	5	5	11	5	20	13	7	7	13
otu1803	7	16	20	15	13	0	20	19	17	19
otu2572	0	13	16	0	20	1	17	0	17	15
otu2856	3	20	11	14	13	11	20	1	4	6
otu786	14	0	14	9	6	0	4	7	19	18
otu1052	16	17	1	10	10	5	12	4	10	2
otu1252	20	17	4	13	19	10	10	18	13	4
otu1006	4	3	1	1	2	16	4	11	6	17
otu171	15	6	4	12	19	14	9	9	0	17
otu1418	19	18	4	2	15	16	12	8	19	14
otu2847	0	19	0	18	0	16	4	15	2	20
otu2236	10	6	2	10	4	7	11	17	10	11
otu2038	11	12	9	16	16	11	20	9	0	0
otu2638	6	9	17	9	5	6	4	12	19	18
otu1424	4	13	9	5	11	20	16	9	2	17
otu1684	7	15	20	3	3	4	5	0	7	16
otu733	8	8	12	6	13	18	17	3	2	0
otu2099	18	12	18	13	14	3	8	10	7	10
otu1946	14	6	19	15	18	2	8	20	14	5
otu760	11	6	12	11	15	16	19	12	5	0
otu2749	5	10	7	13	9	14	16	19	3	11
otu1423	5	13	11	20	17	6	5	18	2	12
otu2327	9	11	2	12	1	10	17	10	15	11
otu1570	10	6	14	20	2	4	5	17	0	5
otu1306	2	6	14	12	3	13	6	7	1	9
otu2262	7	15	4	15	1	19	5	2	2	0
otu2976	13	4	0	13	3	10	13	8	6	11
otu722	0	3	0	16	13	6	4	7	18	12
otu2737	20	13	10	11	20	3	19	6	7	1
otu2173	3	19	13	20	6	4	6	0	11	20
otu2263	20	19	7	13	14	20	7	19	4	7
otu153	1	6	8	9	16	16	16	3	18	9
otu146	0	6	19	6	8	20	14	12	12	1
otu2541	18	3	2	13	5	2	17	17	15	13
otu2088	1	19	8	20	0	1	4	6	1	10
otu1638	19	14	18	11	5	17	13	12	12	0
otu2068	9	2	2	7	13	8	18	20	12	0
otu2247	14	9	1	0	1	11	18	6	15	16
otu51	11	9	2	1	4	15	3	8	17	17
otu35	3	16	0	20	18	13	18	15	12	17
otu1630	4	16	13	16	16	4	9	15	10	17
otu485	17	9	7	17	16	6	1	4	3	19
otu566	19	1	13	2	12	16	6	8	1	0
otu557	0	7	2	20	16	11	8	9	17	14
otu1224	16	12	0	19	5	17	14	0	2	3
otu1192	9	0	13	8	10	5	7	15	14	10
otu2573	1	9	8	20	1	3	14	12	15	16
otu1219	4	13	13	16	4	16	0	10	14	15
otu2396	10	18	10	1	19	17	11	1	11	2
otu678	2	12	9	17	12	7	2	14	3	10
otu392	14	2	9	11	13	4	2	14	3	16
otu1438	1	14	16	8	8	10	4	15	15	12
otu2122	17	2	13	20	18	2	19	14	3	1
otu2951	7	4	20	13	18	14	8	0	12	1
otu2481	9	1	13	10	19	0	0	15	1	19
otu770	5	3	14	2	10	0	5	14	15	7
otu1028	13	15	10	16	20	15	11	15	18	13
otu2248	19	14	3	10	1	18	6	13	18	19
otu2505	9	9	5	19	17	20	6	1	7	10
otu1785	4	12	19	1	13	18	16	4	18	11
otu367	8	3	19	15	16	2	1	10	1	4
otu2243	16	13	17	8	8	17	14	1	5	11
otu1565	1	9	6	19	13	17	8	6	16	0
otu719	7	5	9	0	11	20	7	20	2	12
otu2557	13	15	11	13	20	3	1	17	3	3
otu1872	4	5	2	1	8	9	20	17	14	10
otu2570	12	14	15	8	11	3	13	6	18	6
otu2071	14	19	9	0	12	19	20	6	13	11
otu829	3	14	12	15	11	10	15	20	11	20
otu526	5	2	19	11	19	15	1	20	1	3
otu214	7	11	14	14	9	20	11	17	20	20
otu758	14	6	9	12	8	17	6	9	7	20
otu1885	11	20	4	0	3	6	18	18	0	0
otu2250	0	15	20	19	18	7	9	11	14	2
otu83	10	15	6	10	10	16	14	5	2	9
otu552	11	11	15	0	18	10	5	19	2	17
otu432	5	5	15	16	0	2	14	2	5	11
otu1825	9	17	9	17	20	15	13	4	14	12
otu2931	13	12	0	0	3	11	15	0	6	18
otu1761	3	0	3	5	18	6	6	12	14	8
otu1622	0	3	7	12	9	11	6	14	4	8
otu549	17	5	5	14	10	14	8	8	5	0
otu2422	9	15	7	12	16	15	15	17	13	9
otu2445	13	3	7	9	11	19	16	14	16	20
otu1260	15	14	1	17	4	14	2	17	2	15
otu1059	14	1	8	4	2	0	1	10	2	1
otu1115	19	7	0	11	14	7	20	20	5	15
otu1150	2	14	12	4	15	10	5	20	17	9
otu855	1	9	0	12	8	8	12	9	4	13
otu1933	2	7	15	20	20	9	18	3	13	16
otu2655	13	19	11	16	20	17	0	4	17	14
otu154	8	13	5	5	6	9	1	12	5	3
otu2686	3	10	7	4	0	18	13	16	10	2
otu1515	2	18	11	5	3	16	17	8	15	11
otu1274	3	14	3	0	15	8	15	12	1	16
otu783	4	1	19	8	2	5	17	15	6	15
otu1645	16	15	7	7	5	9	20	16	12	18
otu862	20	18	2	6	20	18	0	13	15	0
otu1114	15	16	6	7	4	0	13	19	14	10
otu1970	20	7	11	4	6	14	14	14	5	12
otu1368	3	4	8	18	1	6	8	6	5	3
otu1921	8	3	5	13	1	6	7	8	7	20
otu906	20	10	11	0	11	2	5	19	9	18
otu655	2	18	10	2	12	14	9	9	6	12
otu137	17	4	11	16	8	19	4	16	4	20
otu510	20	13	0	4	16	20	3	19	8	10
otu2781	18	11	2	16	18	18	2	8	3	15
otu2907	7	0	9	16	9	17	15	14	15	7
otu2757	17	0	16	2	11	13	19	5	8	14
otu2361	9	4	18	2	0	3	0	19	8	6
otu216	8	10	6	17	10	9	15	13	9	15
otu905	3	20	12	14	0	18	19	14	19	20
otu555	14	5	19	8	12	18	9	18	6	0
otu1379	10	2	14	13	12	3	15	13	18	12
otu1735	8	14	4	15	9	12	2	18	8	1
otu155	19	0	7	1	1	18	2	0	2	9
otu413	6	10	0	9	5	4	7	5	18	13
otu1661	18	3	2	19	17	9	11	14	17	6
otu1773	16	6	0	19	17	1	13	7	1	13
otu764	9	5	11	18	20	19	9	8	11	10
otu553	8	12	3	4	6	2	16	1	16	9
otu1034	12	2	2	9	5	13	19	17	17	9
otu16	17	19	10	4	12	13	17	1	2	11
otu1701	15	20	17	13	13	6	9	8	1	0
otu2785	17	12	16	7	13	10	15	13	18	0
otu2004	5	1	1	6	2	15	20	3	15	19
otu1507	9	6	19	5	11	4	17	13	0	18
otu2324	2	19	3	11	17	5	11	16	6	0
otu2339	6	8	2	11	0	14	19	4	14	18
otu2293	20	11	5	4	12	3	4	5	14	14
otu716	15	20	14	20	7	9	20	11	7	7
otu2725	10	4	2	17	3	16	3	20	0	9
otu405	4	11	5	18	15	13	12	9	6	8
otu1462	14	2	17	9	6	5	8	13	0	11
otu1600	11	17	12	5	1	2	7	8	1	3
otu86	3	15	10	12	1	8	11	18	5	9
otu2823	2	3	0	1	16	17	11	9	5	12
otu1640	8	14	19	3	8	9	1	3	6	6
otu2723	16	14	2	13	6	8	10	20	19	4
otu58	4	7	12	8	6	17	14	6	14	5
otu2498	0	14	16	19	0	7	15	10	15	10
otu2833	4	7	16	14	8	17	0	18	19	17
otu1484	8	16	19	19	13	9	6	4	0	17
otu2006	19	2	6	6	2	14	14	13	17	8
otu2688	16	8	19	11	20	11	0	4	5	16
otu452	17	3	16	4	6	2	17	16	0	0
otu1074	9	8	1	13	19	13	13	9	10	2
otu2618	4	18	16	18	2	10	4	4	18	16
otu2513	16	10	7	17	16	11	9	3	7	5
otu2008	7	6	9	5	11	6	5	0	12	2
otu709	13	14	6	3	2	15	12	15	18	20
otu998	6	20	17	16	2	8	16	4	2	20
otu1013	0	15	1	15	17	9	11	19	13	9
otu2307	4	13	14	17	14	9	18	11	13	1
otu2080	14	20	2	8	9	3	16	6	20	9
otu588	19	10	14	11	9	7	14	11	18	2
otu1649	7	3	8	10	7	0	19	13	8	17
otu2539	14	5	12	10	3	0	2	5	4	14
otu543	1	14	17	20	8	3	20	0	17	7
otu999	5	15	13	13	17	6	0	12	5	8
otu373	11	2	10	7	5	11	4	5	7	9
otu1691	19	4	11	15	11	10	14	19	13	5
otu287	20	4	19	5	20	20	16	6	2	13
otu2411	6	15	1	12	12	12	12	15	15	1
otu1404	7	5	10	4	9	18	19	0	18	1
otu129	12	9	9	9	12	5	15	8	3	11
otu1725	4	1	13	8	0	7	8	20	15	5
otu2341	15	7	3	5	10	1	12	4	5	1
otu599	2	14	1	16	4	19	12	12	5	14
otu149	9	4	6	8	11	16	8	19	4	11
otu1	16	3	16	0	0	16	7	20	19	10
otu294	17	4	12	8	4	14	0	7	16	5
otu2452	8	15	13	7	10	10	10	4	15	0
otu700	19	13	16	8	6	4	9	3	5	16
otu1611	12	19	8	11	5	20	2	12	18	10
otu2778	20	16	8	10	6	10	3	3	4	11
otu2986	12	6	19	6	11	3	12	11	9	17
otu2033	2	18	3	17	3	9	14	5	3	2
otu498	20	16	7	6	0	13	6	2	9	10
otu257	6	11	18	7	14	1	7	13	7	1
otu741	14	1	12	5	12	19	12	4	7	18
otu1413	16	5	8	4	1	5	20	2	9	20
otu11	17	15	4	16	18	13	3	16	8	12
otu1542	11	18	10	6	16	4	20	18	18	17
otu319	4	6	14	2	7	14	0	5	3	10
otu1470	2	1	5	2	2	8	9	17	16	11
otu1104	3	17	13	19	15	5	6	1	20	3
otu56	18	16	3	7	19	20	14	9	4	1
otu150	19	8	8	3	3	2	18	7	14	13
otu271	19	5	13	12	5	8	13	16	17	11
otu2365	5	15	15	9	9	3	11	4	5	20
otu490	13	15	7	20	0	20	7	8	3	18
otu437	16	7	16	2	8	7	13	20	12	0
otu563	5	5	6	2	0	16	16	7	13	8
otu1177	10	2	16	9	19	19	13	5	16	11
otu687	17	17	14	16	0	9	14	13	3	0
otu872	7	9	12	0	8	16	12	12	0	13
otu456	3	18	4	6	0	6	11	13	9	5
otu734	13	17	5	2	18	15	0	13	0	14
otu2225	9	11	6	17	7	1	9	20	17	10
otu1037	1	9	7	16	16	8	11	3	8	8
otu347	0	3	0	18	13	19	17	15	20	5
otu1953	4	17	3	15	14	14	18	14	12	7
otu2789	10	5	9	13	15	20	12	14	6	18
otu975	15	11	8	16	14	5	9	5	3	5
otu1010	14	8	13	19	12	0	12	6	7	18
otu1582	18	1	8	19	15	11	13	20	15	13
otu803	19	5	18	0	4	20	11	10	18	15
otu1155	12	15	11	13	5	16	19	18	7	15
otu1473	3	14	16	10	7	8	13	19	9	6
otu477	8	16	19	7	8	5	14	9	12	16
otu598	18	13	20	18	20	17	19	13	0	16
otu92	5	13	1	1	1	5	18	2	4	2
otu2337	17	3	3	7	0	9	11	17	6	1
otu2100	13	20	9	3	14	16	13	4	13	2
otu2418	12	1	3	19	10	4	19	16	7	13
otu62	19	15	20	4	1	19	11	14	20	13
otu1291	12	16	15	2	19	17	6	9	7	7
otu1962	9	10	15	2	17	2	7	0	1	19
otu2862	12	3	12	16	11	20	8	1	1	6
otu740	13	14	6	8	11	6	7	10	8	15
otu1017	17	2	19	16	5	4	15	15	0	9
otu2261	12	9	11	17	3	14	1	8	18	18
otu507	11	0	7	8	18	1	6	8	14	6
otu832	20	15	2	3	8	15	14	7	14	12
otu1753	18	4	6	4	19	10	20	15	15	19
otu1208	16	11	20	13	9	5	12	6	6	3
otu1942	10	18	1	10	3	13	10	11	5	11
otu1734	3	8	11	7	6	10	2	13	17	3
otu1080	7	8	14	15	17	17	15	8	4	13
otu433	16	5	16	12	12	18	4	12	12	5
otu2015	5	5	11	17	5	14	0	14	13	5
otu578	4	17	2	18	17	8	17	7	5	20
otu195	3	13	7	4	17	7	12	9	4	10
otu1323	17	11	10	14	8	20	6	14	4	0
otu1001	20	15	3	10	13	13	14	10	9	10
otu1650	16	4	18	6	7	6	9	5	12	11
otu2748	15	11	2	2	18	18	13	8	19	17
otu2819	1	16	8	11	20	7	18	1	10	0
otu1186	11	7	19	12	10	16	16	10	10	7
otu2915	19	8	17	8	1	9	18	16	5	4
otu128	18	13	4	5	0	5	17	15	8	17
otu1335	14	3	8	11	16	11	3	9	13	19
otu590	3	4	7	14	1	16	2	9	9	13
otu1189	11	17	13	1	0	0	16	13	16	4
otu2064	6	20	13	20	14	0	16	18	15	12
otu135	8	4	4	8	9	14	14	6	8	5
otu630	16	7	1	1	6	1	17	13	5	15
otu662	14	16	18	1	19	4	12	0	12	12
otu2017	9	17	12	14	18	6	20	8	7	8
otu20	9	14	2	15	0	14	11	18	13	18
otu614	7	4	13	16	18	11	1	7	12	11
otu2333	12	12	2	15	15	19	2	7	18	20
otu2029	5	9	12	14	0	10	17	15	2	0
otu1206	8	10	16	20	1	10	15	8	3	12
otu1939	5	14	20	1	10	6	9	1	12	17
otu2990	0	14	20	0	11	4	19	16	20	12
otu1163	6	17	2	2	0	3	1	16	13	18
otu2458	12	7	6	1	14	0	5	18	18	20
otu2913	9	19	7	14	5	20	20	18	1	1
otu415	17	19	17	15	13	9	19	3	19	0
otu1568	3	8	7	9	18	2	11	18	13	3
otu769	13	19	20	4	8	7	13	11	20	10
otu1432	18	13	15	11	20	8	8	2	9	3
otu369	12	15	10	4	8	11	11	16	7	13
otu925	7	16	19	13	13	7	19	5	3	13
otu830	20	15	11	9	8	15	16	16	15	6
otu1648	8	12	8	8	20	12	0	12	7	18
otu2154	7	8	15	1	15	6	4	12	6	1
otu1486	12	7	1	14	12	18	1	16	1	5
otu1359	11	5	11	16	0	14	6	12	1	14
otu2589	4	3	0	2	11	18	16	7	16	11
otu225	5	2	5	17	11	2	11	1	1	3
otu2436	15	19	2	19	12	19	4	7	5	14
otu376	9	6	4	13	18	1	14	16	20	20
otu1918	18	19	2	4	12	20	6	4	14	17
otu80	17	13	4	17	1	13	9	11	8	14
otu201	5	7	14	1	20	18	10	20	16	2
otu548	12	13	20	18	4	1	15	2	11	1
otu2086	10	11	14	17	5	8	12	6	9	1
otu2884	3	11	1	1	19	18	7	14	17	9
otu177	3	8	11	20	3	19	18	9	2	1
otu14	10	9	2	10	7	14	12	13	9	15
otu1427	8	0	2	10	8	17	12	14	18	17
otu243	3	3	11	16	2	10	9	11	8	8
otu23	16	18	14	8	10	6	17	11	19	12
otu1246	5	2	4	17	0	0	7	18	18	18
otu2295	4	11	5	14	7	17	16	17	1	16
otu1370	16	13	6	4	8	12	7	16	20	12
otu2230	15	16	1	14	11	3	10	5	14	19
otu2614	9	0	5	3	6	4	13	12	7	11
otu1521	18	4	8	5	1	13	8	14	14	5
otu2957	9	0	0	1	8	17	3	0	6	4
otu1403	17	2	13	0	13	2	4	1	14	9
otu2367	19	15	17	15	7	19	17	7	3	19
otu1073	4	19	16	6	1	17	3	18	4	5
otu2692	20	14	20	11	20	14	12	13	8	19
otu1794	14	17	12	16	11	4	6	16	12	11
otu2662	19	11	12	7	13	16	9	14	10	7
otu1957	1	14	11	1	1	20	16	7	18	18
otu2549	16	16	10	3	18	19	20	2	2	14
otu1347	20	4	19	12	9	8	13	4	4	7
otu611	12	15	5	8	18	9	6	16	7	6
otu398	5	4	14	10	1	14	8	18	12	1
otu1458	0	6	10	7	4	19	8	13	16	20
otu1527	15	2	5	11	15	13	9	13	16	16
otu962	1	12	4	10	6	5	3	3	12	8
otu241	2	12	0	15	13	5	19	2	18	9
otu273	16	4	13	15	8	18	2	17	17	7
otu1685	8	4	1	13	11	6	7	1	2	2
otu1262	17	14	5	2	6	12	9	17	6	17
otu383	9	15	0	10	15	14	17	1	2	17
otu2827	15	11	8	10	11	13	15	5	13	7
otu612	12	15	10	6	4	11	15	5	17	16
otu1130	12	11	17	17	13	11	10	16	17	2
otu2128	14	15	9	6	5	3	14	9	2	5
otu470	19	20	5	4	11	5	8	14	15	12
otu34	16	14	15	4	6	2	0	16	18	13
otu889	17	0	12	17	19	4	12	15	6	0
otu145	10	4	16	17	15	2	4	0	10	20
otu1188	8	17	18	3	15	7	2	9	13	11
otu1923	16	15	5	20	20	3	11	3	8	16
otu1569	15	6	6	2	9	7	0	0	4	15
otu1906	3	0	13	10	10	12	14	3	7	4
otu1668	2	4	14	18	3	8	2	0	17	15
otu1016	17	3	12	20	18	15	6	4	19	11
otu1951	0	12	11	14	6	6	2	17	10	14
otu2097	18	4	1	4	9	17	1	9	11	14
otu2354	18	20	19	2	12	14	4	13	7	19
otu13	6	10	5	12	9	19	2	3	2	19
otu2133	14	7	3	19	2	3	14	11	3	11
otu1226	20	19	14	17	18	19	5	15	17	8
otu898	17	9	17	18	20	20	18	20	15	10
otu2744	19	16	6	3	17	1	14	12	2	9
otu569	17	9	0	14	1	7	9	15	12	2
otu2707	4	16	0	12	11	18	16	17	12	16
otu501	8	18	11	3	18	6	18	11	16	17
otu307	5	13	18	19	11	2	15	14	14	5
otu632	13	18	18	10	5	20	10	12	20	7
otu644	13	2	9	8	12	13	20	12	4	20
otu1911	20	13	5	17	13	15	18	15	2	16
otu688	8	11	15	17	16	10	8	1	0	10
otu2543	3	0	19	12	1	17	14	2	3	20
otu2260	16	2	15	4	13	20	11	5	8	7
otu1342	18	8	17	14	13	18	4	16	4	11
otu202	17	15	3	17	10	0	14	18	0	17
otu715	5	7	12	5	19	0	14	16	6	12
otu1972	8	6	5	7	1	19	7	5	12	1
otu2488	14	3	6	20	17	14	1	18	16	16
otu2060	4	16	20	0	17	18	4	15	12	11
otu1998	13	18	2	3	9	16	0	10	17	5
otu2929	17	11	15	18	18	9	9	13	17	9
otu1934	6	19	4	2	15	14	19	3	9	18
otu284	11	14	13	9	10	5	11	2	2	18
otu1139	5	17	16	1	18	20	11	12	18	2
otu402	20	10	20	17	16	7	1	16	11	19
otu1874	2	4	15	12	20	14	19	8	11	5
otu348	14	17	10	18	10	0	9	1	12	18
otu2902	17	16	18	18	5	3	12	1	19	2
otu449	2	15	14	1	16	14	9	15	6	5
otu288	17	7	17	17	18	2	11	3	2	10
otu1045	1	11	10	9	19	9	11	14	6	15
otu927	10	17	17	13	4	7	4	9	11	16
otu2287	7	3	2	14	11	2	5	3	6	17
otu2165	11	3	4	9	11	10	0	13	17	20
otu1870	20	16	2	20	6	14	11	18	1	13
otu1088	4	7	0	9	15	19	6	5	20	4
otu902	4	13	16	13	18	11	4	16	17	14
otu2743	17	17	8	19	15	10	6	9	6	4
otu957	19	5	14	17	18	16	13	13	13	6
otu791	11	12	19	10	13	12	7	2	0	14
otu1829	7	8	3	11	18	16	11	15	9	0
otu605	2	1	8	9	17	8	16	7	0	17
otu1142	7	18	5	2	7	13	0	6	8	12
otu121	16	8	11	7	4	12	13	9	15	10
otu1340	19	1	7	18	3	11	18	16	12	19
otu1480	12	3	11	17	3	3	3	6	18	7
otu2171	5	10	15	2	2	4	10	9	14	16
otu1477	17	11	9	17	3	18	15	19	18	9
otu2370	0	1	18	9	19	14	8	6	4	2
otu988	1	4	15	16	14	6	7	4	5	19
otu453	15	9	3	13	3	6	7	11	4	8
otu2294	2	12	5	9	13	9	11	2	14	2
otu2094	17	18	11	10	17	15	13	10	9	7
otu1397	20	6	15	12	20	13	8	18	1	14
otu2309	17	18	16	16	17	1	20	11	3	2
otu2009	1	0	3	12	2	16	5	10	11	5
otu2138	12	18	16	13	9	8	0	3	20	6
otu1912	2	12	8	14	18	15	1	5	19	13
otu1901	4	15	13	0	10	11	6	3	7	11
otu1185	17	7	9	4	7	4	8	10	5	1
otu1602	13	0	11	16	6	13	18	12	19	7
otu2108	6	5	14	2	8	15	15	1	10	11
otu1376	8	10	7	15	6	0	8	18	16	10
otu2167	14	5	10	12	13	5	9	2	2	1
otu2980	13	1	19	14	11	2	7	4	4	19
otu2400	12	11	17	14	2	12	12	17	7	11
otu411	11	13	20	6	12	9	6	17	13	6
otu1536	11	7	0	19	9	17	16	20	14	3
otu2906	10	20	17	10	4	0	8	12	9	20
otu328	11	14	0	17	4	15	11	7	3	19
otu1450	7	6	9	1	9	0	0	8	13	10
otu1258	0	17	0	14	20	2	8	15	9	16
otu790	7	1	1	9	13	19	13	9	14	6
otu2377	13	3	19	14	5	8	4	10	5	3
otu1364	4	10	10	7	12	6	11	4	1	18
otu2965	11	20	20	11	4	4	4	6	17	2
otu1086	3	20	1	0	1	18	17	0	4	18
otu2334	19	18	15	14	6	20	7	2	17	3
otu320	11	14	6	9	20	7	0	11	11	16
otu1678	1	3	5	16	17	15	15	1	19	17
otu2756	5	4	4	4	10	13	15	20	2	16
otu439	10	19	0	9	19	0	0	11	14	15
otu259	0	5	5	5	13	11	1	1	16	19
otu2663	10	2	8	14	17	8	13	1	1	19
otu2726	1	9	2	3	3	8	18	1	10	1
otu2893	2	2	3	0	17	18	3	5	3	8
otu1361	5	7	20	14	5	15	13	10	0	9
otu1102	9	11	8	13	1	14	11	8	13	13
otu1084	9	16	11	5	7	4	0	10	8	2
otu1660	18	6	19	10	17	15	20	19	11	16
otu2157	16	4	8	10	8	13	10	19	19	16
otu2175	14	20	0	14	5	13	13	7	6	5
otu2989	11	11	9	8	17	10	20	11	4	13
otu174	7	2	16	9	8	7	11	19	10	11
otu533	17	5	13	2	18	13	6	16	17	0
otu2566	13	9	8	2	13	3	1	2	2	17
otu1474	14	1	16	8	3	3	4	6	0	14
otu17	3	20	5	7	14	0	13	12	3	14
otu2719	1	15	18	19	1	3	19	15	9	12
otu2940	1	7	8	10	9	15	2	20	2	17
otu2389	5	20	9	13	9	2	3	2	19	4
otu1300	14	10	9	6	9	19	2	3	20	6
otu1275	9	4	4	6	13	17	0	15	4	15
otu1585	3	14	6	10	17	14	6	6	0	8
otu2041	4	7	17	18	7	8	20	3	7	13
otu873	12	17	12	14	18	1	8	11	6	20
otu856	14	17	2	1	5	8	18	15	10	15
otu1494	7	4	6	20	9	10	15	9	13	0
otu2384	7	12	4	18	15	4	4	2	12	3
otu727	14	5	1	2	13	0	3	2	11	0
otu730	5	14	19	4	1	18	2	17	13	7
otu2733	14	3	15	6	19	17	3	5	10	17
otu2852	11	3	8	0	10	8	6	1	2	20
otu2799	8	18	6	12	2	10	4	5	0	10
otu2205	7	8	10	0	19	20	16	5	1	1
otu2647	3	18	8	16	15	9	4	17	15	14
otu2146	14	8	18	19	4	15	2	12	3	16
otu355	4	5	2	3	14	1	20	14	0	3
otu2564	3	12	4	18	11	8	1	8	1	17
otu1207	10	8	11	5	7	1	9	1	10	19
otu978	10	18	9	19	5	0	11	3	9	12
otu2952	1	1	7	16	19	20	3	3	11	2
otu43	15	2	6	13	17	19	10	11	4	10
otu1408	7	4	7	18	10	14	4	13	16	15
otu2074	7	5	6	12	1	1	20	19	6	15
otu986	19	5	4	0	1	10	4	9	0	5
otu2777	6	5	5	6	2	17	2	17	1	15
otu2497	11	19	19	13	5	17	15	8	0	10
otu888	4	16	1	14	20	6	9	0	18	1
otu322	18	8	9	6	20	15	17	12	12	18
otu2762	0	11	17	11	16	1	7	15	7	15
otu1315	2	12	5	15	12	13	7	14	9	1
otu2683	10	19	15	9	4	16	17	8	9	1
otu2234	7	6	4	18	7	9	19	1	5	17
otu2788	3	0	11	7	4	14	11	9	0	0
otu112	3	17	18	15	17	9	3	15	13	2
otu974	10	16	6	15	15	9	9	1	20	14
otu1247	18	20	20	10	18	4	1	5	0	4
otu1381	10	8	20	11	0	12	18	14	0	16
otu1223	18	11	4	5	12	3	7	8	4	10
otu1082	7	11	16	15	2	1	1	18	9	19
otu535	6	3	11	15	9	11	17	3	7	15
otu1476	12	1	0	0	13	8	20	7	1	17
otu1840	7	13	15	9	7	2	10	14	20	14
otu1232	0	6	8	15	14	16	14	16	13	12
otu2926	0	4	11	11	10	6	12	19	9	18
otu1049	10	11	2	10	17	15	6	10	2	20
otu2112	5	11	0	13	14	1	14	10	2	18
otu606	14	1	3	2	10	19	13	2	10	18
otu2832	18	11	4	12	14	5	18	12	5	2
otu2349	11	15	17	20	17	4	6	12	14	8
otu1717	5	8	4	2	20	8	14	12	6	14
otu26	2	14	19	15	15	13	16	1	17	14
otu2508	0	15	16	17	16	15	4	15	1	10
otu2826	9	3	4	11	5	18	15	18	7	3
otu2544	15	3	3	12	6	15	20	14	16	9
otu1604	9	3	16	4	11	10	14	17	19	8
otu2532	19	16	4	13	11	3	3	0	18	5
otu1197	18	5	20	14	5	4	10	10	11	12
otu2930	3	16	14	0	0	10	18	4	10	14
otu714	12	17	3	12	6	16	8	2	20	20
otu290	0	14	6	3	19	11	1	10	14	19
otu924	19	14	17	8	10	5	18	18	2	7
otu1662	17	9	14	9	0	14	18	6	3	5
otu819	18	1	19	14	15	1	3	4	3	4
otu2955	13	5	4	16	10	15	0	0	10	2
otu1061	0	5	15	6	1	20	4	5	5	9
otu1320	19	4	0	9	18	2	15	8	0	6
otu114	16	4	1	5	3	7	13	17	13	11
otu1454	19	1	15	13	1	17	1	13	18	6
otu923	3	12	2	4	16	1	12	17	6	11
otu37	2	6	19	19	15	10	4	7	3	8
otu851	5	16	3	14	16	4	8	13	14	0
otu404	19	15	18	3	14	11	16	20	10	15
otu2634	18	9	16	4	13	9	1	9	20	6
otu2790	15	2	6	2	19	7	9	14	7	13
otu826	7	4	3	12	13	10	17	11	6	20
otu180	8	11	19	15	11	9	13	13	13	9
otu1914	6	7	18	8	0	17	8	12	8	6
otu2089	16	6	13	16	19	11	9	14	11	18
otu2105	2	12	17	15	16	10	3	0	12	18
otu2630	15	13	2	2	10	6	18	5	17	9
otu841	14	9	2	6	5	18	15	11	4	11
otu2551	8	18	3	15	3	11	19	20	15	14
otu2983	12	9	11	9	16	16	9	20	3	1
otu2834	6	20	17	7	14	4	0	11	4	13
otu212	19	1	12	6	9	11	11	4	18	1
otu753	17	15	10	20	6	9	3	15	2	5
otu2235	20	7	14	20	2	3	13	17	20	9
otu1777	10	5	20	16	8	18	1	14	5	18
otu756	17	9	0	13	8	4	14	14	8	12
otu2578	20	3	9	0	0	4	15	5	2	6
otu1375	5	14	4	15	4	2	19	16	1	17
otu77	12	15	17	5	10	13	5	7	0	19
otu2125	11	8	1	5	10	0	14	18	0	15
otu2229	4	15	15	1	2	19	15	14	14	6
otu1128	8	2	19	18	14	9	5	8	20	1
otu2714	11	4	4	13	15	6	20	20	10	3
otu792	11	12	20	16	1	0	17	10	4	11
otu236	10	20	20	4	17	7	20	17	3	20
otu2423	0	16	8	20	8	15	12	7	7	19
otu1852	3	17	5	10	0	2	16	16	18	7
otu1715	3	14	11	16	17	6	6	1	0	15
otu537	10	15	19	18	12	10	19	19	3	11
otu2854	16	5	2	0	15	13	13	9	2	9
otu2998	18	5	20	7	20	1	14	17	18	9
otu2701	20	17	8	18	2	8	17	14	19	10
otu2577	20	14	18	17	4	19	3	6	5	20
otu1787	7	10	7	3	4	4	16	14	8	2
otu375	10	19	4	8	4	9	15	9	16	15
otu1211	1	7	3	0	15	16	13	10	6	15
otu1343	18	3	6	6	17	20	4	8	8	17
otu608	11	10	2	5	10	20	16	12	2	13
otu749	9	0	7	20	19	17	10	10	8	14
otu2764	10	11	8	6	5	2	9	0	19	5
otu2530	2	2	16	18	8	16	3	19	9	18
otu152	1	20	4	5	0	17	15	9	19	4
otu1603	10	2	16	18	0	14	12	14	18	3
otu1389	12	0	1	12	20	3	4	7	14	0
otu479	0	9	10	14	0	19	5	9	9	14
otu1126	5	11	9	8	2	16	0	5	0	2
otu1312	5	4	15	5	14	19	8	8	4	9
otu324	17	8	20	0	17	11	0	20	9	2
otu1557	19	3	1	6	13	19	12	8	20	4
otu2027	6	4	5	6	11	18	6	0	8	18
otu2633	6	15	13	20	18	11	10	1	14	5
otu562	12	8	12	0	14	8	2	3	4	10
otu916	5	4	10	11	0	20	14	12	16	1
otu325	20	15	17	12	12	9	6	12	4	9
otu1111	11	19	11	16	0	14	15	16	20	14
otu2502	1	2	15	15	15	20	1	0	0	14
otu487	4	20	12	0	2	9	20	14	17	12
otu2059	14	14	14	6	16	16	5	18	13	1
otu968	3	2	14	18	3	20	20	15	10	9
otu343	20	5	3	16	20	2	15	14	5	1
otu895	2	7	15	15	5	0	12	7	20	15
otu1510	8	8	10	12	4	16	4	9	9	8
otu1425	8	17	7	19	10	2	9	20	3	11
otu2394	7	16	20	1	1	9	5	19	4	20
otu2210	15	18	15	16	14	6	14	16	3	7
otu95	18	8	17	3	0	6	3	16	12	16
otu2211	7	20	10	8	19	12	9	16	15	10
otu940	4	18	1	19	9	8	3	4	9	17
otu378	0	14	12	11	19	18	19	18	6	13
otu885	16	20	0	12	7	5	7	1	1	2
otu205	4	19	10	11	2	16	17	20	1	1
otu2745	11	15	13	5	11	5	16	18	17	18
otu141	3	10	4	16	14	18	7	12	12	4
otu1553	4	14	0	11	7	10	15	16	3	8
otu1121	16	19	14	1	11	10	10	8	1	2
otu2203	17	13	13	18	4	0	0	8	19	15
otu2387	16	3	20	1	18	20	5	19	7	13
otu2962	18	14	9	17	17	18	6	4	10	4
otu1736	6	20	0	8	14	8	17	18	9	6
otu1485	6	5	2	0	10	16	4	4	4	20
otu2058	14	7	17	1	7	18	15	17	8	9
otu2674	17	16	14	6	11	18	12	4	8	20
otu2828	7	10	12	18	9	6	13	18	19	4
otu2935	8	19	2	10	17	20	18	8	3	9
otu125	6	9	14	11	3	19	8	4	16	3
otu2700	13	12	7	15	17	15	16	1	4	10
otu2457	7	20	15	12	19	12	3	6	3	17
otu1071	2	2	9	17	10	2	18	20	20	8
otu784	5	10	1	16	10	9	12	18	14	9
otu2049	9	17	0	20	6	14	16	4	18	9
otu1965	5	8	8	3	2	12	12	15	19	19
otu1703	18	0	6	19	10	2	2	10	16	8
otu1672	2	5	2	3	8	11	3	15	2	9
otu2	10	7	15	1	10	10	16	1	7	9
otu94	15	11	8	19	0	18	7	15	14	9
otu1113	17	12	15	16	15	14	14	13	10	19
otu335	15	5	7	13	5	16	9	8	12	16
otu2402	15	10	1	9	19	18	18	11	11	8
otu2584	3	15	8	12	15	2	13	3	6	19
otu1637	16	18	5	7	14	19	18	8	18	19
otu2851	16	9	1	5	18	12	7	7	4	4
otu762	13	16	5	3	6	16	17	0	13	5
otu1755	1	18	5	11	9	13	20	0	20	4
otu2659	7	5	11	16	0	15	20	1	3	14
otu2314	10	17	15	5	13	16	12	0	10	7
otu1138	1	4	8	10	9	3	20	1	5	12
otu2415	10	19	16	10	2	10	12	14	6	19
otu2556	12	17	17	11	15	2	16	19	10	2
otu2186	4	13	6	14	0	8	7	16	20	3
otu173	10	7	0	15	5	14	19	1	5	15
otu1496	19	13	14	0	10	7	19	0	8	16
otu1759	1	3	2	13	7	5	15	6	11	17
otu521	11	2	19	2	14	12	10	0	0	1
otu1478	16	12	0	0	0	19	19	16	16	0
otu2321	17	4	18	3	20	6	4	4	19	5
otu2270	2	16	17	4	17	1	19	12	4	9
otu2187	10	5	17	2	14	13	18	17	7	12
otu1644	10	6	20	14	0	17	2	13	15	9
otu798	10	9	15	19	3	14	4	16	15	16
otu2434	11	1	1	7	0	5	11	6	19	18
otu880	3	4	13	11	19	1	4	16	3	7
otu416	17	11	19	7	2	19	17	11	3	4
otu457	8	12	20	11	14	8	17	12	5	17
otu1094	15	11	17	16	8	18	3	16	1	6
otu1811	0	11	4	19	15	8	7	3	14	2
otu2569	16	6	8	11	1	7	20	15	7	11
otu1518	10	18	9	3	7	9	19	3	0	9
otu1144	11	5	13	10	20	12	5	5	11	19
otu725	7	12	16	1	8	11	13	0	18	9
otu2464	13	8	13	6	5	14	8	7	8	4
otu597	10	0	14	2	3	7	9	14	13	3
otu1412	4	19	11	18	13	8	1	11	19	13
otu1421	17	3	13	13	6	14	10	2	0	7
otu812	13	13	6	3	10	0	19	7	0	2
otu522	3	18	11	10	7	11	7	19	10	20
otu313	19	19	9	4	5	3	0	17	10	7
otu1554	14	0	18	10	17	3	13	0	3	15
otu2096	8	20	16	12	0	19	17	15	2	0
otu1589	19	0	3	2	19	16	15	19	3	16
otu921	13	11	20	11	1	3	8	4	6	14
otu2571	1	3	15	6	1	18	10	10	3	13
otu596	6	14	18	20	7	16	0	0	16	2
otu2755	18	12	6	18	20	9	14	20	9	20
otu2829	15	17	19	6	20	1	8	3	12	14
otu2305	19	19	19	13	8	8	14	17	18	5
otu332	4	8	9	19	2	2	0	12	8	11
otu2386	18	8	4	6	10	1	5	12	20	19
otu1237	2	19	12	0	8	8	18	14	10	9
otu421	8	9	15	6	2	19	12	1	20	4
otu931	5	4	14	17	19	11	10	19	0	15
otu1765	1	15	18	8	13	18	18	18	15	4
otu349	15	11	3	1	10	10	11	2	17	12
otu2771	5	4	19	7	4	14	1	4	18	12
otu29	6	17	0	19	7	6	13	16	14	9
otu2503	15	3	3	19	15	17	1	19	0	17
otu2142	4	8	14	20	15	10	11	10	5	14
otu2708	10	17	1	20	4	11	12	2	10	17
otu1393	15	9	7	17	17	3	17	5	10	6
otu1763	7	0	1	19	13	5	12	12	15	4
otu2039	3	2	19	14	19	5	4	9	18	0
otu1445	5	16	5	20	13	19	6	13	5	15
otu2948	12	8	9	17	3	19	11	12	4	12
otu1819	16	1	8	6	11	10	13	11	5	19
otu2329	14	20	2	5	6	11	6	3	19	6
otu1551	6	19	11	12	20	8	14	6	6	18
otu2627	18	0	6	1	12	20	11	4	7	18
otu2831	20	10	14	5	6	19	20	9	2	0
otu2401	5	14	0	3	0	9	11	17	15	3
otu1996	16	14	6	11	6	11	2	17	2	3
otu1548	15	5	20	13	17	1	16	0	17	10
otu794	0	12	17	16	2	2	14	6	7	13
otu894	14	9	18	20	18	1	13	13	14	16
otu2207	7	15	5	10	11	16	20	5	15	7
otu2546	10	0	20	1	15	2	4	14	6	13
otu1468	4	9	17	14	17	15	18	17	5	3
otu1488	10	12	13	9	9	11	2	7	16	8
otu464	11	7	9	3	3	14	4	1	2	15
otu57	0	20	18	3	4	5	7	7	16	7
otu2390	8	11	18	4	12	16	5	2	19	14
otu2794	3	10	0	19	16	15	5	19	18	7
otu1889	9	1	17	1	8	18	9	8	2	12
otu1301	19	8	6	19	18	13	16	16	6	1
otu2770	18	13	4	6	7	18	6	20	7	14
otu1426	5	0	6	6	11	14	8	14	1	15
otu984	17	4	18	12	20	6	8	1	6	0
otu628	8	19	17	9	1	17	10	7	13	12
otu1706	6	3	5	1	6	18	0	3	7	14
otu2212	2	1	18	9	19	15	13	5	3	17
otu2109	17	18	17	20	14	19	7	12	2	10
otu1036	3	6	6	18	6	2	1	7	19	13
otu1451	18	9	8	17	13	6	4	7	10	4
otu2188	10	5	16	18	2	14	16	17	12	12
otu2592	17	17	6	13	2	8	4	6	14	20
otu1769	14	5	7	0	7	19	17	6	9	4
otu778	18	0	18	15	14	12	17	0	4	13
otu1955	11	11	6	1	2	18	13	14	7	3
otu1093	6	1	15	20	12	17	3	7	9	15
otu462	14	0	5	6	5	12	6	5	10	10
otu1858	17	13	3	20	4	9	20	4	11	9
otu1466	16	11	1	4	16	8	3	19	7	20
otu2779	15	7	9	3	10	1	19	14	13	20
otu1954	2	10	4	2	3	15	13	17	4	14
otu252	8	7	4	10	20	3	5	19	10	16
otu627	17	20	10	10	9	5	17	0	0	20
otu505	18	12	9	20	0	4	19	6	2	0
otu459	4	6	4	15	12	1	15	10	17	17
otu2158	15	0	5	8	2	2	8	17	2	8
otu2425	6	19	7	1	7	5	19	2	14	4
otu882	20	0	9	14	10	13	15	9	11	13
otu1284	0	6	7	15	13	20	6	12	4	11
otu2063	16	11	1	16	3	13	12	2	17	0
otu1181	2	12	17	15	12	7	9	2	14	6
otu845	18	15	6	11	19	2	8	20	11	0
otu2007	12	20	8	10	8	18	20	15	19	9
otu2249	11	1	13	17	16	15	19	18	11	20
otu2944	5	19	18	7	6	15	14	13	13	6
otu1213	18	19	16	18	12	7	15	20	3	8
otu100	17	7	9	16	11	20	20	12	7	13
otu2925	0	7	13	8	11	15	11	7	20	5
otu2882	12	9	13	0	18	16	14	3	13	19
otu2600	13	20	14	4	18	0	11	0	4	15
otu568	4	14	9	17	15	16	19	5	0	16
otu904	9	19	11	20	5	1	13	10	5	12
otu1434	8	8	10	0	9	2	0	12	8	16
otu258	3	4	9	6	6	17	20	14	20	4
otu2144	20	13	10	3	11	7	0	20	15	1
otu2164	12	9	18	16	18	2	17	17	3	1
otu1775	18	11	3	8	7	7	14	14	10	7
otu809	1	17	11	20	1	18	10	19	0	19
otu2782	14	5	5	9	9	1	16	6	7	7
otu1158	5	5	3	7	7	7	20	19	12	13
otu2364	5	20	13	4	16	8	9	12	20	2
otu824	7	16	12	3	13	6	9	14	18	15
otu2030	13	18	1	11	12	10	0	8	11	15
otu2637	13	4	15	14	2	4	6	20	1	0
otu144	4	10	18	14	5	0	11	12	12	0
otu8	7	17	12	14	5	13	14	3	15	15
otu45	14	6	10	2	3	7	5	6	18	14
otu2985	7	15	16	14	8	6	5	7	17	2
otu2843	7	3	19	0	14	1	11	17	10	0
otu2310	18	7	10	5	20	8	4	18	2	6
otu2413	13	14	14	0	16	3	17	4	9	6
otu2131	20	0	11	10	4	18	2	10	11	10
otu2043	3	13	5	6	12	3	14	18	12	9
otu1977	16	12	0	1	15	1	13	16	16	5
otu2103	2	10	16	17	9	17	1	6	2	14
otu2611	8	14	8	11	14	10	17	10	15	17
otu2319	3	16	20	20	10	16	17	17	1	5
otu2053	13	1	5	1	1	10	17	8	1	4
otu1002	1	16	0	19	11	8	18	2	10	6
otu91	1	9	10	2	6	3	14	19	7	15
otu2704	19	14	18	20	14	10	15	16	2	10
otu1173	0	11	16	1	2	13	4	11	10	11
otu2286	14	2	14	17	14	10	17	13	15	20
otu952	17	20	8	2	4	18	4	3	17	6
otu1360	6	0	19	10	8	12	5	16	7	11
otu1358	9	6	0	7	12	16	8	16	18	1
otu2599	12	11	16	8	15	20	4	5	15	5
otu1907	6	6	0	12	17	1	7	6	6	8
otu1160	19	14	16	12	18	5	14	1	2	16
otu2465	7	19	19	7	0	18	13	2	11	11
otu2220	18	7	9	10	19	10	20	10	18	15
otu635	4	10	19	13	20	4	16	16	19	12
otu2973	7	19	0	9	19	20	1	17	18	15
otu2822	18	8	3	5	0	1	18	5	14	15
otu1092	11	15	16	12	15	12	16	9	0	15
otu2468	11	10	20	13	17	14	1	13	7	13
otu2085	6	13	8	8	1	17	15	12	17	5
otu1730	17	6	10	11	2	20	8	19	1	0
otu1085	5	7	18	10	5	14	8	12	15	19
otu2712	4	4	6	5	13	15	8	13	0	2
otu1748	0	7	17	15	8	16	0	20	16	6
otu2409	3	11	8	14	19	17	8	10	8	6
otu2362	20	7	10	19	15	14	7	7	8	2
otu341	3	13	1	13	14	12	15	4	16	1
otu418	19	4	2	19	3	14	16	20	15	7
otu2648	5	0	3	2	8	3	4	15	15	3
otu648	11	14	18	15	20	3	8	11	15	11
otu2619	20	6	11	20	10	11	19	3	20	6
otu1249	10	8	12	17	16	17	1	15	10	9
otu2304	8	18	4	19	7	10	19	19	2	0
otu1487	15	6	9	6	5	19	1	0	5	13
otu71	20	16	7	17	11	17	12	0	6	16
otu1362	6	13	3	16	12	9	1	12	14	12
otu594	4	2	17	17	13	20	17	17	16	12
otu2970	20	2	18	16	14	19	18	13	9	9
otu2150	0	1	19	13	6	13	15	12	20	13
otu1842	6	9	7	13	3	4	11	5	4	16
otu2593	16	15	0	20	20	3	7	6	5	10
otu422	11	15	20	8	8	2	8	0	16	2
otu1023	16	13	10	16	20	2	16	5	2	2
otu1795	5	1	18	10	6	15	16	11	3	14
otu1841	3	11	18	2	17	10	10	20	17	12
otu434	6	4	9	9	16	1	4	4	13	7
otu2644	12	4	10	5	17	17	10	8	3	3
otu488	0	17	8	11	20	0	10	11	1	1
otu2344	1	5	19	3	17	13	12	1	17	18
otu983	16	6	4	2	13	0	3	18	4	10
otu2896	16	9	7	18	12	1	1	1	10	19
otu118	13	20	14	20	19	4	2	19	5	0
otu1813	10	1	17	13	10	6	5	7	3	14
otu2461	12	5	4	18	11	4	5	10	12	15
otu1744	19	10	7	15	0	12	2	15	20	1
otu1176	4	1	8	5	4	14	12	4	9	0
otu604	5	15	1	2	2	11	11	4	19	12
otu1830	18	12	12	14	15	14	20	11	16	11
otu517	8	0	7	15	1	12	10	6	8	10
otu1586	14	13	7	10	13	19	2	17	17	16
otu2076	3	0	1	4	15	18	16	4	10	8
otu1070	0	9	14	8	7	2	16	5	8	2
otu2864	16	6	16	14	18	4	3	10	1	5
otu1976	6	5	11	8	15	10	7	7	15	8
otu1482	8	9	8	3	18	7	20	18	10	14
otu2542	11	2	14	18	8	12	20	18	1	10
otu2501	19	19	5	6	2	11	0	1	7	5
otu346	0	8	13	8	6	18	2	5	4	3
otu1411	18	19	8	20	3	0	20	4	19	17
otu2959	6	4	12	0	3	4	4	20	7	4
otu229	13	20	18	13	19	16	11	5	12	18
otu2839	8	16	13	0	9	7	1	14	7	7
otu1105	18	3	8	12	20	1	1	12	9	20
otu1268	18	6	19	19	15	18	20	16	19	5
otu256	7	18	8	20	12	6	18	13	3	19
otu215	14	13	6	4	12	14	17	10	12	18
otu1348	5	15	9	0	15	5	16	7	8	14
otu2192	12	12	2	10	17	3	3	0	10	3
otu280	18	5	2	5	9	7	3	15	14	7
otu1440	13	12	4	11	1	6	15	17	1	11
otu1537	3	5	5	14	2	19	19	10	13	3
otu1915	6	4	0	15	11	9	19	1	6	17
otu2575	4	9	9	8	0	16	11	6	3	12
otu481	1	0	4	1	14	14	9	7	13	3
otu1826	17	20	11	18	0	6	4	3	10	6
otu1719	13	2	19	16	20	9	19	5	2	19
otu2412	13	0	14	11	5	20	16	7	7	18
otu361	19	5	4	14	17	13	19	5	18	14
otu1447	4	15	9	11	7	10	7	20	15	6
otu759	18	1	17	15	8	14	9	2	16	8
otu659	0	7	10	8	2	7	14	15	1	4
otu1625	1	5	12	15	5	19	0	3	17	17
otu2042	1	18	9	13	13	9	11	3	2	17
otu2127	5	2	10	15	0	20	11	5	20	13
otu208	17	17	0	9	0	6	4	11	2	1
otu2245	20	0	16	17	4	16	4	4	9	18
otu2855	7	14	15	13	8	2	8	14	2	13
otu78	7	9	4	19	1	8	14	3	16	7
otu1033	4	1	12	11	10	12	3	19	16	2
otu1489	14	11	7	5	18	4	17	12	14	12
otu926	13	16	5	3	6	11	18	8	9	3
otu960	15	13	11	0	8	7	2	7	18	8
otu1876	11	1	18	1	3	5	20	11	7	20
otu1808	10	0	12	0	4	15	1	10	20	20
otu513	5	19	12	2	14	8	14	1	12	15
otu2020	4	9	15	2	17	17	19	20	5	7
otu2838	18	19	8	20	17	4	1	2	1	14
otu1004	20	6	6	0	20	16	5	5	0	3
otu671	20	12	1	18	10	3	18	1	11	5
otu3000	6	18	19	15	10	14	7	19	9	10
otu2405	6	5	4	13	7	3	20	13	7	5
otu1388	19	2	4	0	16	0	15	13	2	1
otu2795	8	1	16	1	7	2	9	2	4	20
otu344	20	1	5	10	7	11	3	12	5	8
otu1437	12	10	6	16	2	1	19	7	2	15
otu1879	14	14	11	2	1	19	4	18	15	14
otu683	0	5	14	9	19	20	16	16	3	4
otu2524	14	20	8	14	11	1	15	19	8	13
otu1407	15	6	10	10	6	8	2	16	9	11
otu2326	8	9	2	14	11	12	9	10	11	13
otu2848	13	0	2	10	3	19	11	6	15	5
otu105	7	6	4	5	13	7	8	9	20	1
otu1035	1	17	18	11	3	15	4	18	20	8
otu394	14	17	8	16	1	5	3	3	1	1
otu1479	6	14	15	14	18	15	7	0	0	0
otu1087	19	12	6	14	12	8	8	0	7	0
otu2583	2	1	12	0	15	4	4	8	16	3
otu2510	8	11	4	5	15	1	0	9	2	2
otu2252	7	14	10	17	20	3	15	5	17	11
otu626	4	15	9	6	8	3	6	15	4	5
otu1221	20	3	18	10	19	11	12	15	17	9
otu1658	5	10	20	13	7	15	11	6	18	12
otu1282	16	18	20	11	4	15	10	13	2	3
otu2318	15	14	1	1	4	8	4	7	15	10
otu2558	1	3	11	7	18	13	1	1	11	19
otu2941	11	0	17	11	6	20	15	14	4	10
otu1817	6	8	18	14	14	3	1	14	19	4
otu123	20	16	16	10	15	8	1	7	18	14
otu947	6	4	16	15	19	5	15	8	5	15
otu1250	18	10	3	18	3	8	18	2	15	9
otu1591	8	0	3	19	5	10	5	6	14	17
otu979	1	13	2	13	14	8	6	4	1	7
otu2836	14	13	5	17	19	10	4	16	17	11
otu1699	14	11	1	4	1	5	6	18	8	4
otu2969	5	4	16	3	2	6	9	6	14	10
otu2603	16	4	4	0	9	20	13	17	0	17
otu1546	13	11	7	18	1	14	12	15	16	20
otu936	5	0	8	1	14	4	1	12	8	1
otu2775	4	6	8	18	13	20	6	18	1	11
otu1822	14	10	18	19	7	3	12	6	17	7
otu2585	16	13	15	19	4	1	14	16	18	4
otu2219	5	9	10	6	4	3	6	18	9	18
otu1472	12	4	7	11	14	6	9	5	2	16
otu1818	20	13	5	7	5	12	4	12	15	12
otu2118	5	7	0	1	15	10	19	8	15	2
otu1689	17	6	14	19	7	5	15	6	3	16
otu232	10	17	6	0	3	17	11	10	18	9
otu1492	7	9	2	9	3	6	2	4	4	9
otu366	9	4	6	12	5	13	14	8	18	2
otu881	18	0	1	20	9	8	9	9	6	11
otu2155	7	13	16	1	18	4	4	14	18	16
otu1152	6	16	16	13	5	8	18	11	6	13
otu2115	20	3	17	12	5	16	8	6	13	1
otu2538	17	0	5	2	17	4	6	18	5	2
otu945	18	4	5	6	5	7	15	16	15	15
otu1642	11	20	7	5	13	19	0	8	8	11
otu1680	7	10	8	12	12	2	5	1	14	20
otu304	13	11	1	18	6	4	14	14	16	1
otu712	6	11	19	13	19	17	15	20	13	18
otu2182	17	12	19	11	6	0	15	13	1	5
otu2595	14	6	18	19	4	16	16	12	9	6
otu1688	8	13	14	20	13	17	16	17	15	5
otu1793	16	12	17	19	1	12	17	20	7	7
otu1847	4	7	15	2	9	10	2	16	5	5
otu2517	17	20	5	7	2	19	14	13	18	13
otu2798	18	13	4	4	10	12	1	2	19	11
otu2821	17	0	2	9	7	3	2	14	19	6
otu275	7	4	13	18	17	19	18	12	20	17
otu1079	13	10	11	5	9	2	13	18	1	16
otu2958	4	5	6	6	4	20	1	2	1	14
otu1749	18	0	9	9	14	4	14	10	15	11
otu228	8	9	1	13	1	1	7	11	0	9
otu763	11	6	7	5	14	18	3	9	18	1
otu231	16	7	9	7	7	11	6	14	10	11
otu2690	1	3	17	20	7	6	16	8	8	1
otu1345	10	3	12	6	13	9	3	7	6	0
otu1804	8	9	17	2	12	3	0	11	18	20
otu1369	17	2	11	3	5	11	15	16	7	17
otu2786	3	6	4	6	1	11	5	18	15	20
otu2972	3	3	5	18	20	6	20	14	17	18
otu1056	6	18	14	14	11	15	1	19	14	2
otu199	3	1	1	13	11	7	16	20	4	17
otu1429	3	9	19	4	15	13	4	9	19	10
otu2106	11	8	11	2	5	1	0	16	20	0
otu1875	8	11	7	10	12	20	1	3	13	19
otu808	2	14	6	12	19	17	0	1	19	1
otu1746	7	17	0	14	7	9	10	4	14	18
otu2582	11	11	13	17	9	20	20	13	13	5
otu66	15	5	13	13	4	0	11	11	12	13
otu40	12	0	12	2	18	14	19	20	2	18
otu2783	7	7	4	15	1	12	3	16	8	14
otu2596	11	15	10	3	12	18	1	1	7	2
otu2526	11	18	12	11	4	6	15	8	1	17
otu1441	9	4	15	6	2	18	11	0	20	8
otu2495	15	3	10	6	9	10	0	14	6	9
otu4	17	16	17	1	12	15	6	8	2	1
otu893	10	9	19	12	17	3	10	12	5	16
otu305	9	12	13	19	4	7	20	19	10	11
otu2845	9	20	10	11	5	10	14	12	16	9
otu2642	5	13	5	11	17	7	7	6	4	0
otu1303	19	8	12	18	18	5	19	15	2	15
otu2666	15	18	0	11	1	16	3	20	18	19
otu306	2	0	3	16	6	4	7	1	10	12
otu2067	1	6	14	19	9	5	14	18	9	1
otu800	17	9	20	14	0	16	10	15	10	5
otu1491	15	7	3	4	18	5	0	9	17	5
otu661	10	14	6	9	0	15	12	7	14	11
otu2478	5	19	6	2	6	20	13	3	7	17
otu1063	6	1	18	4	10	17	3	17	4	19
otu1931	0	6	19	8	8	16	1	13	16	9
otu390	7	5	1	0	11	0	0	16	13	6
otu1788	16	19	2	11	10	1	20	4	2	20
otu1845	13	9	5	8	1	9	9	8	15	6
otu1982	2	10	9	3	18	11	1	10	12	19
otu1772	8	4	9	8	6	16	7	13	8	9
otu221	17	10	1	18	19	16	10	7	14	18
otu765	11	0	1	9	12	11	8	0	15	0
otu1387	6	13	20	19	12	20	18	11	10	18
otu2208	7	3	11	0	4	12	10	15	18	17
otu1064	15	7	12	5	9	14	1	19	3	8
otu1579	20	13	9	6	20	9	18	13	17	20
otu2385	8	6	16	16	16	7	6	5	13	3
otu1895	16	8	7	1	10	9	20	2	5	4
otu1861	4	11	12	0	3	14	12	19	13	13
otu843	1	7	15	10	13	19	11	14	13	18
otu1212	10	18	10	19	6	7	7	19	7	15
otu1069	2	12	2	0	18	13	14	20	17	7
otu1993	16	8	3	18	19	5	3	13	13	6
otu2791	14	12	5	15	12	19	5	4	17	6
otu1909	11	8	10	15	8	13	7	6	14	4
otu2258	7	5	17	18	19	5	0	1	12	4
otu2459	4	15	16	16	14	12	5	16	19	2
otu2750	2	15	16	15	17	7	9	8	10	9
otu1846	13	15	11	0	16	5	2	2	9	14
otu222	14	5	2	3	1	15	16	11	5	4
otu2036	14	17	7	3	18	5	10	10	7	9
otu2388	11	7	6	13	2	19	14	10	19	9
otu431	15	0	1	8	17	11	2	14	11	5
otu1060	0	5	9	5	2	3	17	12	18	6
otu1544	9	4	4	1	16	13	8	16	11	19
otu2548	4	12	7	13	15	11	9	3	9	6
otu2407	8	20	16	19	15	6	10	20	14	18
otu2322	17	5	11	18	18	0	9	8	2	12
otu365	20	11	7	8	1	16	13	0	9	9
otu2485	13	0	7	2	14	10	9	11	19	10
otu353	5	3	12	8	7	14	15	6	16	14
otu2369	6	16	7	4	17	17	0	19	8	15
otu1400	3	3	20	7	0	5	5	15	7	15
otu616	10	17	20	13	10	11	3	0	17	14
otu2563	14	3	19	10	0	19	17	0	1	4
otu935	17	15	2	6	20	15	11	15	17	14
otu622	7	17	18	9	19	13	9	17	4	18
otu1917	3	15	19	15	2	14	7	10	3	8
otu1714	8	11	18	16	1	20	19	13	12	20
otu1670	17	10	0	17	11	1	0	12	10	15
otu2727	6	9	6	10	8	12	11	18	5	4
otu2451	1	13	19	16	2	9	0	20	5	13
otu2971	1	10	8	3	14	5	6	18	0	9
otu2281	12	8	20	18	7	9	10	15	3	10
otu2742	6	5	1	2	9	12	18	16	2	4
otu334	11	20	16	9	7	17	20	8	8	9
otu868	17	9	12	13	11	10	12	17	20	19
otu910	9	8	11	12	17	9	16	17	1	9
otu971	15	15	8	18	7	16	19	7	19	6
otu1606	15	19	1	4	8	17	19	19	16	17
otu953	12	18	14	5	3	17	12	17	14	12
otu213	6	8	16	3	4	11	19	19	3	8
otu2612	4	4	4	4	17	7	13	7	13	16
otu1588	4	14	4	18	0	1	20	11	2	3
otu138	16	11	19	17	2	6	16	0	19	16
otu1505	0	6	12	13	5	3	8	19	6	12
otu2159	7	0	12	9	16	14	16	11	5	18
otu698	5	19	19	20	0	2	17	3	12	12
otu2424	4	8	17	7	0	16	16	8	8	15
otu337	15	17	11	13	17	15	4	13	4	12
otu907	17	0	16	12	16	17	4	9	16	4
otu2479	12	0	7	12	9	0	4	7	18	0
otu340	18	8	10	14	10	8	18	13	2	14
otu1599	0	16	0	18	17	6	18	2	20	2
otu89	8	2	4	7	2	19	8	15	12	10
otu2184	8	15	2	9	12	4	15	6	3	1
otu2682	2	12	16	13	2	15	8	9	8	16
otu2035	11	20	8	17	14	16	16	12	11	15
otu2844	15	12	17	20	3	9	1	0	20	17
otu2691	2	1	19	5	10	11	16	19	14	12
otu142	17	18	12	20	1	15	11	15	2	5
otu2995	0	15	20	13	20	17	8	13	19	15
otu321	17	11	3	10	1	7	6	6	2	7
otu1341	3	0	9	19	20	4	19	19	18	5
otu1572	6	8	12	7	3	20	12	4	6	12
otu817	20	9	19	4	8	2	5	20	16	14
otu1254	0	16	11	12	3	12	3	20	7	18
otu1077	9	10	19	11	10	7	1	5	13	3
otu387	8	14	6	4	2	15	6	6	18	10
otu883	17	13	5	6	20	20	10	13	6	0
otu2222	13	5	14	14	18	18	19	5	19	4
otu2514	9	0	11	1	7	3	7	15	7	12
otu2283	14	18	3	15	16	13	17	7	7	15
otu1419	15	12	19	11	5	0	4	1	13	16
otu1768	5	12	1	10	17	11	6	10	4	6
otu323	14	15	8	13	18	17	12	4	11	5
otu2470	16	1	1	1	15	0	11	7	16	15
otu1869	8	17	12	11	11	6	11	12	14	14
otu2474	2	0	7	4	6	11	7	4	12	6
otu1821	9	4	17	9	10	2	12	16	13	5
otu2519	16	2	8	18	2	3	10	6	17	4
otu2366	17	14	7	20	14	6	18	11	9	3
otu1571	2	1	12	8	15	10	1	11	0	8
otu2022	5	13	0	18	5	8	6	12	7	15
otu2949	4	17	8	6	16	8	0	14	1	5
otu780	0	12	13	6	3	18	20	1	8	0
otu641	12	3	9	17	0	7	5	0	20	8
otu2991	7	17	7	0	19	5	12	2	13	0
otu1196	7	16	14	6	16	20	16	2	6	17
otu2416	9	19	10	17	1	16	16	1	8	0
otu1497	12	12	9	19	17	1	9	15	6	3
otu1535	13	17	17	5	4	11	0	15	18	16
otu660	3	2	16	19	9	16	19	19	6	18
otu2650	14	0	1	12	3	8	17	11	8	12
otu1040	5	3	19	1	4	19	9	14	15	13
otu2392	6	1	8	14	17	7	6	1	15	1
otu2195	16	10	16	16	15	19	13	4	12	18
otu1366	9	7	11	16	7	15	3	1	14	18
otu1992	4	18	10	14	4	13	16	11	16	18
otu2135	4	10	6	1	10	6	18	2	6	12
otu1038	14	17	2	19	20	10	20	13	9	1
otu2073	10	0	12	3	4	5	12	10	0	11
otu2817	2	7	18	12	10	12	2	3	17	20
otu867	13	1	19	6	3	13	7	1	9	13
otu2869	8	2	8	13	13	20	19	10	11	16
otu2056	0	20	5	7	2	1	7	0	11	9
otu2987	4	16	14	3	9	13	13	16	10	20
otu997	10	4	7	11	13	12	10	20	17	5
otu1523	12	16	14	19	0	8	12	18	18	12
otu1198	10	10	15	8	3	8	2	20	6	18
otu1245	20	19	14	14	3	17	0	16	17	0
otu2343	0	7	19	18	17	7	6	20	16	2
otu473	12	8	15	0	10	9	14	14	13	9
otu1334	13	8	12	8	15	10	9	0	17	3
otu253	5	8	9	12	2	7	13	20	7	8
otu572	7	12	9	4	7	2	14	10	0	12
otu773	7	4	9	2	11	3	17	12	2	17
otu2190	6	12	13	11	20	8	3	18	18	10
otu247	18	5	7	11	4	12	15	12	6	19
otu2162	7	12	1	2	9	16	0	8	10	11
otu1209	15	15	16	2	9	8	10	19	1	2
otu1239	18	18	16	11	12	7	18	2	20	7
otu407	1	3	2	11	2	8	11	8	13	7
otu330	1	0	10	8	12	1	2	8	6	12
otu2559	8	5	0	5	19	13	16	10	9	6
otu1210	16	7	9	7	8	1	3	10	18	6
otu506	5	18	1	5	17	15	5	0	10	12
otu508	15	11	19	3	12	17	10	12	11	0
otu1646	7	11	15	6	8	20	6	15	15	10
otu959	4	18	12	5	6	6	11	15	6	4
otu2576	20	13	17	9	8	11	0	6	18	7
otu491	8	13	15	12	4	20	1	6	9	16
otu336	11	8	4	16	20	15	16	11	0	2
otu658	1	6	20	6	19	14	15	18	5	17
otu1563	15	18	3	7	10	16	14	13	9	8
otu2442	14	17	9	7	0	12	17	12	20	20
otu1849	6	16	11	12	7	2	20	0	11	14
otu646	20	19	4	20	7	10	17	1	4	6
otu707	19	20	14	12	4	17	7	9	8	19
otu2463	15	4	14	15	11	9	19	2	3	1
otu651	7	9	2	5	6	0	16	7	14	4
otu976	2	17	8	3	5	17	8	14	0	8
otu1140	18	18	14	4	13	6	4	4	14	20
otu2730	5	7	20	8	14	17	9	6	7	3
otu1781	9	11	10	13	0	16	15	20	4	19
otu410	11	18	19	16	11	19	1	9	7	7
otu2604	1	13	18	15	1	17	20	11	20	14
otu514	16	2	13	20	12	14	11	16	16	19
otu1837	0	11	5	7	3	3	5	19	5	11
otu1890	18	0	10	12	0	10	12	15	19	1
otu465	6	8	5	19	15	11	4	11	6	8
otu1628	13	3	7	13	16	4	1	16	16	6
otu1922	19	15	0	3	19	13	2	15	0	13
otu2588	4	13	0	0	16	15	18	18	18	10
otu70	7	7	8	11	3	4	2	3	1	15
otu2728	14	15	5	13	2	13	6	20	8	3
otu684	7	15	6	14	12	13	12	6	4	12
otu1506	5	6	16	0	6	12	0	17	2	17
otu857	15	16	6	8	10	6	1	14	1	4
otu188	11	17	7	6	3	20	8	15	17	16
otu2484	11	13	19	13	13	17	11	2	11	1
otu675	15	16	15	3	18	10	9	18	5	10
otu2697	3	17	19	20	1	18	1	0	15	0
otu1030	4	2	9	13	5	7	3	9	0	7
otu814	2	3	5	3	20	7	18	4	6	12
otu706	15	10	12	1	3	4	19	0	9	12
otu1050	2	19	5	2	5	9	8	18	3	14
otu766	19	15	17	3	0	16	10	6	5	4
otu1512	1	19	12	9	9	16	14	16	12	9
otu486	0	1	20	2	14	17	10	15	17	17
otu1897	18	5	15	0	15	14	20	4	16	13
otu1882	4	4	1	15	8	5	14	2	8	17
otu848	9	19	10	1	18	7	19	7	7	0
otu2156	6	20	4	5	1	2	10	5	16	5
otu447	20	1	10	13	8	10	19	18	18	6
otu33	5	16	16	17	16	4	19	12	13	0
otu2660	1	5	17	5	16	13	6	5	1	7
otu385	8	16	9	2	16	19	19	16	6	7
otu1843	20	6	17	19	14	15	19	2	6	20
otu1132	12	7	13	17	10	2	12	20	16	18
otu551	17	17	9	11	6	13	2	18	6	15
otu2357	1	8	7	9	17	16	12	5	7	20
otu342	10	18	17	7	10	0	14	7	18	18
otu1929	11	4	5	10	12	8	1	15	6	15
otu1386	0	5	15	14	10	10	12	14	9	6
otu2842	18	16	15	12	17	16	6	17	13	1
otu2954	4	14	18	1	12	13	0	5	18	11
otu1798	17	5	4	20	18	8	14	12	5	2
otu1867	3	11	11	20	5	5	17	8	20	13
otu2311	4	15	18	15	15	12	1	1	17	4
otu2257	2	16	13	17	7	18	12	14	5	4
otu2739	4	9	5	18	17	0	10	17	9	17
otu1994	15	2	4	10	15	0	2	10	9	17
otu1184	11	1	9	11	18	16	5	13	7	7
otu821	18	17	3	15	3	5	9	11	6	16
otu1229	13	14	9	20	6	17	17	1	0	3
otu2121	7	6	6	3	16	3	8	14	9	17
otu1019	11	6	2	3	1	3	20	12	18	0
otu2276	0	13	2	20	19	9	14	8	16	19
otu161	17	18	17	10	14	12	8	17	3	6
otu802	0	13	18	18	17	20	7	16	5	9
otu88	2	18	2	9	2	0	2	5	20	13
otu2487	12	18	10	13	1	17	20	10	0	10
otu265	10	16	14	7	0	13	8	20	11	12
otu1444	10	3	10	19	8	0	13	9	13	11
otu2472	7	3	7	11	16	19	6	6	13	6
otu2499	14	11	6	7	11	17	14	9	0	9
otu1687	10	0	7	0	4	5	8	4	3	18
otu1520	3	15	12	2	14	8	3	16	0	1
otu368	16	10	15	2	4	20	8	13	4	7
otu2047	6	5	3	8	11	5	11	7	9	9
otu745	11	9	18	12	3	20	6	15	16	18
otu2865	18	19	14	4	4	20	8	3	13	3
otu977	7	4	17	2	2	13	16	17	15	10
otu782	2	15	4	9	1	7	0	7	14	2
otu2016	6	10	14	1	6	7	16	19	15	13
otu1860	16	11	0	5	3	17	10	10	7	7
otu2153	16	13	11	8	8	16	14	20	6	4
otu1791	4	0	9	18	10	12	18	7	0	8
otu2226	12	5	10	13	5	11	17	20	14	1
otu234	12	1	1	4	15	1	19	14	2	7
otu362	10	5	4	2	16	11	15	12	7	8
otu1044	16	6	17	4	20	16	15	16	9	15
otu393	3	17	17	10	11	19	3	17	19	0
otu2312	3	16	11	18	6	14	7	4	2	11
otu1459	0	5	8	16	1	13	6	8	0	14
otu318	12	2	12	16	14	5	20	15	17	15
otu2800	4	4	13	17	17	17	11	5	4	18
otu122	17	16	18	0	6	19	15	1	6	20
otu1636	6	15	13	11	20	4	12	14	13	19
otu2273	8	15	0	1	19	20	0	12	4	2
otu2117	14	10	14	5	5	3	3	12	13	18
otu2996	14	16	12	9	20	17	19	15	19	15
otu788	4	1	5	13	4	8	0	10	3	20
otu2200	11	14	13	18	16	19	12	5	3	13
otu2911	14	4	7	4	19	2	5	10	5	9
otu163	7	0	17	2	3	0	11	0	7	0
otu820	3	16	14	3	7	3	7	8	6	7
otu575	17	10	12	0	0	16	13	0	16	1
otu2667	5	1	14	10	10	15	1	5	9	20
otu1721	10	12	7	7	17	20	6	7	14	17
otu1214	18	9	3	10	20	14	0	15	11	20
otu2924	13	14	19	2	8	17	1	18	10	16
otu503	2	9	1	8	7	5	13	19	3	10
otu619	3	12	8	7	0	9	0	7	7	5
otu1353	1	15	1	2	12	15	16	20	0	6
otu1159	17	6	5	17	7	12	9	7	5	14
otu509	16	6	6	2	11	18	14	1	16	2
otu2960	4	5	20	0	9	11	11	7	20	16
otu2070	3	10	20	1	8	5	13	7	8	17
otu200	7	8	2	13	13	0	8	2	18	4
otu1590	3	2	16	20	19	15	8	13	7	12
otu1577	18	0	8	6	1	14	17	12	0	15
otu1076	6	20	18	2	6	2	6	7	0	4
otu2381	15	20	5	7	4	1	16	12	6	16
otu1269	10	9	0	17	20	19	5	19	0	6
otu374	14	14	10	12	11	16	13	18	7	15
otu2731	0	2	5	18	16	13	20	19	6	5
otu2323	5	14	1	12	14	2	10	2	6	16
otu1880	15	5	17	9	16	8	2	19	14	1
otu1256	12	0	0	1	13	3	18	12	20	6
otu2694	1	2	3	1	14	9	1	6	10	6
otu2168	0	15	9	15	3	8	13	10	2	2
otu1903	9	2	0	6	17	18	1	2	19	20
otu1174	6	12	15	17	16	8	20	12	0	9
otu360	16	2	10	20	9	20	15	20	7	3
otu2246	11	16	2	19	19	13	10	19	20	7
otu1228	2	14	17	1	5	16	10	10	17	11
otu674	3	9	8	1	6	13	19	8	4	5
otu2645	18	3	7	16	3	9	5	11	10	9
otu2090	20	19	4	12	18	3	13	1	20	13
otu39	19	20	20	13	10	0	1	6	20	0
otu985	12	18	4	9	12	7	15	5	19	16
otu2735	5	20	8	4	15	8	20	16	6	16
otu408	11	17	9	12	9	6	2	11	9	20
otu1930	6	4	15	14	4	17	0	13	13	7
otu2031	10	9	20	16	2	18	4	13	12	9
otu2202	19	20	15	11	17	13	1	9	9	9
otu2529	4	3	17	10	17	0	1	19	19	18
otu565	14	10	10	9	10	8	17	1	20	9
otu1850	14	15	9	14	4	7	13	13	18	2
otu2255	14	14	10	10	8	4	17	13	1	12
otu2227	7	20	18	20	1	11	13	16	18	6
otu47	19	16	13	5	8	19	0	6	1	15
otu990	7	15	0	9	5	14	17	18	5	15
otu50	6	14	4	16	13	3	19	12	14	7
otu406	16	7	15	4	4	5	15	2	14	3
otu642	10	1	10	11	3	4	18	18	10	1
otu2356	0	17	10	4	3	5	13	5	9	12
otu111	17	11	5	18	11	3	17	9	2	8
otu3	2	15	13	3	14	0	3	16	11	6
otu250	3	15	4	6	4	3	6	17	14	3
otu1664	1	7	20	8	7	4	9	18	12	0
otu1236	18	19	17	4	13	2	19	12	20	11
otu1218	15	11	6	11	9	13	8	15	19	15
otu2999	7	12	0	16	10	16	0	6	7	2
otu2537	8	7	6	13	16	7	0	10	6	0
otu827	8	3	1	19	4	14	3	1	8	8
otu2950	5	6	4	6	3	20	1	11	4	11
otu941	2	14	6	14	3	12	12	14	5	6
otu115	18	11	8	10	5	14	6	14	7	18
otu2428	18	19	10	3	20	11	6	8	1	5
otu309	19	11	19	8	4	9	7	10	16	15
otu1695	16	17	10	6	19	9	16	3	5	18
otu1732	16	7	0	19	9	10	2	5	7	14
otu276	11	17	13	19	0	12	12	2	18	12
otu277	0	6	6	13	6	15	15	14	7	20
otu1989	13	7	13	10	0	0	2	14	4	11
otu2193	5	13	20	16	3	11	10	3	1	5
otu591	5	9	7	15	10	19	15	14	7	19
otu1483	17	11	1	1	19	7	4	12	13	10
otu331	12	20	16	14	20	2	16	1	16	8
otu849	12	1	7	7	10	19	10	18	19	18
otu1549	1	16	17	4	10	5	15	13	19	17
otu2382	12	0	18	10	8	7	19	12	11	1
otu529	11	9	8	0	4	4	0	1	8	19
otu1888	16	17	11	6	0	7	6	16	18	3
otu1446	1	6	3	19	11	15	9	18	9	17
otu1547	15	3	5	3	13	8	17	17	19	16
otu2383	0	10	19	7	4	13	18	18	14	20
otu2149	5	0	15	2	17	9	2	11	13	10
otu694	20	8	20	17	14	12	8	17	8	5
otu2696	8	19	0	5	0	12	16	16	20	9
otu1276	16	4	11	9	12	7	15	5	19	16
otu1351	11	13	11	18	11	18	3	3	8	9
otu1328	4	10	5	16	14	7	9	5	14	12
otu102	16	4	15	16	7	18	11	8	11	13
otu1780	16	15	9	0	20	17	1	19	13	3
otu896	4	10	2	9	1	13	10	5	2	19
otu2776	14	0	17	16	1	5	6	12	18	12
otu1235	3	6	12	17	15	11	17	11	20	2
otu785	5	15	1	17	5	19	4	3	0	11
otu53	9	12	10	16	12	1	20	8	9	14
otu1696	3	18	18	1	15	3	1	2	7	12
otu703	15	3	15	19	18	14	4	3	2	19
otu695	17	7	18	9	0	19	19	3	13	14
otu2809	2	16	10	3	7	20	2	11	19	15
otu127	13	11	12	19	8	19	3	14	1	18
otu478	2	0	14	16	15	16	2	4	0	6
otu542	0	4	0	1	18	11	18	8	5	19
otu2525	3	5	12	1	0	19	6	18	16	5
otu1838	6	7	10	5	20	15	9	1	17	14
otu193	8	17	15	17	9	8	16	19	14	0
otu1027	8	20	1	9	9	4	10	1	2	9
otu576	14	14	11	2	10	6	8	14	10	6
otu1191	1	10	13	0	8	13	5	19	13	15
otu2196	11	11	17	15	16	7	16	4	4	19
otu339	14	15	6	15	1	17	14	1	13	0
otu1195	2	18	13	19	7	8	1	11	5	12
otu690	0	15	5	0	1	5	13	10	6	17
otu1790	9	4	5	8	11	18	1	17	16	2
otu1533	17	10	15	20	8	12	2	19	7	5
otu2265	7	2	16	20	13	2	19	19	16	6
otu2562	0	20	1	10	12	9	5	15	1	11
otu2886	12	11	12	9	5	20	17	1	17	4
otu2147	12	6	13	8	0	15	13	18	3	8
otu980	14	3	4	3	4	8	6	0	2	18
otu828	17	20	20	18	15	1	10	7	14	5
otu1824	12	9	20	17	10	6	6	7	3	0
otu1135	10	13	4	0	13	16	2	6	7	5
otu246	18	4	15	2	19	12	18	2	15	14
otu1308	8	15	16	20	18	3	16	2	18	13
otu113	8	19	17	0	2	20	7	6	4	20
otu296	1	10	20	11	8	16	0	2	11	20
otu567	8	1	9	7	3	0	14	8	1	12
otu2555	14	7	5	3	3	1	7	2	17	5
otu2629	4	11	1	4	3	12	14	5	20	8
otu2178	0	8	12	13	6	13	19	18	9	20
otu2938	15	18	10	5	10	17	2	7	20	17
otu713	13	1	12	17	11	20	14	12	10	14
otu84	3	18	14	2	12	17	17	3	4	9
otu2540	6	9	10	20	7	10	15	11	20	14
otu185	1	19	4	11	16	6	10	17	2	0
otu811	14	8	9	19	16	17	20	17	5	8
otu1164	16	6	7	14	11	16	12	6	5	2
otu2026	14	9	5	14	11	12	17	10	9	13
otu2198	4	13	9	15	13	20	20	7	19	13
otu1623	6	17	3	1	10	16	5	16	20	10
otu1201	4	11	0	5	20	15	17	12	12	13
otu2994	3	13	10	8	13	13	3	19	20	1
otu772	13	7	16	19	3	15	7	8	15	10
otu639	14	17	15	10	20	12	18	6	12	11
otu2635	11	0	10	18	3	17	7	1	19	0
otu1747	3	14	10	1	20	0	11	4	17	15
otu2253	20	16	2	1	16	8	12	13	3	6
otu587	1	3	10	13	7	15	10	18	17	16
otu1639	1	11	20	5	6	3	14	10	2	3
otu134	7	16	2	17	9	3	11	5	8	3
otu495	20	3	8	11	13	0	0	1	2	7
otu615	2	17	10	10	20	7	14	12	18	0
otu1352	12	4	16	19	20	6	6	19	19	6
otu2820	11	6	11	9	17	0	5	15	13	1
otu2713	5	6	10	17	4	20	5	13	7	18
otu10	12	15	13	20	7	20	5	0	9	15
otu1271	20	8	20	6	3	20	12	20	2	0
otu2254	7	20	8	16	11	10	14	1	9	0
otu2763	0	14	2	2	3	4	19	4	3	20
otu124	11	3	16	6	18	1	2	14	20	13
otu723	14	11	0	15	16	18	14	1	8	11
otu2579	4	11	14	12	11	20	0	16	18	16
otu2871	18	6	15	14	19	1	5	2	4	4
otu419	5	7	16	14	3	9	5	5	2	17
otu472	19	19	13	12	15	13	18	8	10	13
otu2947	7	20	15	10	15	11	10	5	2	0
otu736	2	5	17	9	6	9	17	19	1	15
otu1990	7	14	17	6	16	12	8	1	15	17
otu561	2	19	0	4	0	7	6	2	10	12
otu933	14	10	16	18	20	10	1	16	11	17
otu525	5	4	8	3	4	14	19	13	16	19
otu970	10	7	3	8	7	17	7	5	15	5
otu1833	12	16	19	0	12	0	5	2	14	11
otu956	15	5	14	0	8	14	19	17	1	3
otu251	9	14	20	8	6	12	17	17	5	9
otu1925	19	15	9	5	20	14	19	6	3	6
otu218	17	12	4	2	1	20	15	1	15	19
otu267	4	1	15	3	1	18	10	0	5	17
otu2496	7	4	8	20	13	19	10	12	1	3
otu2410	20	1	3	18	6	5	8	20	6	4
otu448	9	2	18	12	4	9	10	15	19	16
otu1380	4	17	11	3	10	19	3	7	16	1
otu2968	7	1	20	11	6	5	20	11	10	6
otu677	3	19	16	9	19	4	3	8	15	2
otu2028	13	5	15	11	17	12	13	0	11	3
otu1039	9	13	15	16	10	16	8	17	5	17
otu1465	20	20	0	10	20	11	0	20	19	15
otu1796	7	13	6	1	0	0	5	19	16	19
otu101	5	17	7	5	19	10	11	0	8	19
otu299	20	11	8	11	16	10	13	4	3	15
otu1728	3	14	9	12	15	13	10	15	4	3
otu1227	13	1	9	11	3	4	6	18	2	0
otu2982	10	0	19	17	14	15	14	9	9	10
otu1248	13	20	13	9	10	16	4	3	11	18
otu1737	20	5	13	10	9	3	13	16	10	1
otu1712	16	6	2	14	4	15	15	7	12	2
otu1204	2	0	0	17	14	16	3	6	19	16
otu2141	11	15	20	9	7	9	18	10	2	0
otu474	5	0	5	1	10	2	6	9	4	19
otu2601	4	3	10	16	11	3	3	11	18	7
otu1383	18	4	4	20	15	12	19	4	1	5
otu1242	12	2	10	12	4	8	8	2	10	7
otu52	17	19	1	15	18	19	7	4	8	19
otu1354	18	2	16	10	16	12	15	17	6	11
otu609	2	4	6	11	6	18	4	0	5	10
otu668	17	12	16	10	18	5	9	10	3	20
otu403	17	0	6	16	2	12	13	20	8	8
otu2404	14	9	4	5	2	8	3	18	6	9
otu18	20	6	15	10	12	9	20	10	17	20
otu1862	11	1	2	1	10	16	16	0	16	18
otu2813	11	9	3	0	17	15	15	9	15	10
otu776	18	18	4	10	15	9	14	1	14	6
otu751	15	17	2	1	2	0	3	17	1	14
otu2044	19	19	1	17	1	3	15	1	10	16
otu483	7	17	15	16	7	6	7	4	13	20
otu2840	18	14	3	3	20	14	13	20	11	8
otu1270	9	5	2	3	7	6	4	6	16	13
otu1042	19	17	8	12	18	6	0	10	16	10
otu1133	10	11	12	1	1	9	20	3	11	11
otu2597	2	16	10	7	18	20	15	18	0	14
otu82	0	10	17	7	1	20	6	20	11	19
otu1333	14	20	1	0	0	9	9	9	14	9
otu2077	11	3	0	10	10	5	9	16	17	15
otu2330	16	2	12	9	5	12	6	4	11	10
otu254	7	7	3	16	5	13	17	17	5	1
otu2807	8	9	5	1	10	8	6	16	11	5
otu210	5	3	11	18	20	19	19	19	16	4
otu1280	4	5	8	3	19	5	5	7	16	4
otu1263	10	10	14	8	11	1	13	3	0	0
otu1054	3	17	6	19	0	8	3	2	0	1
otu2984	7	13	14	2	18	5	6	4	9	10
otu1900	2	1	5	19	3	3	15	8	20	18
otu1741	11	12	5	20	2	19	0	6	18	18
otu1681	11	16	10	18	19	13	19	13	18	17
otu1836	2	12	4	6	8	10	15	12	13	0
otu1941	11	3	2	1	14	3	7	20	0	15
otu1731	6	18	11	7	11	10	3	8	8	8
otu672	13	10	13	3	5	15	3	16	19	5
otu643	0	6	2	11	2	15	14	3	19	19
otu1021	11	19	16	15	0	15	13	7	4	0
otu389	3	7	10	16	20	18	7	9	2	0
otu890	20	0	2	17	18	15	3	14	1	10
otu943	10	14	13	19	19	1	18	20	14	6
otu2110	14	18	12	2	19	17	11	6	14	14
otu937	12	5	13	13	18	19	16	2	15	9
otu618	20	20	2	0	9	6	5	3	16	2
otu2277	6	17	14	10	1	0	5	11	11	11
otu2299	12	20	2	13	7	7	11	12	19	17
otu85	10	6	2	12	16	19	15	14	9	15
otu1905	13	3	5	14	13	10	11	12	17	9
otu482	2	16	17	8	1	11	16	6	2	19
otu1809	6	19	19	16	8	13	5	8	12	2
otu74	8	0	20	14	7	10	17	18	16	15
otu1958	1	5	13	1	8	18	17	16	19	12
otu242	14	6	10	0	12	7	1	3	3	0
otu2881	20	9	1	7	16	11	19	5	6	3
otu2602	11	16	4	3	3	3	14	12	7	9
otu428	3	20	12	6	5	0	20	9	1	9
otu1583	14	19	18	18	11	7	8	3	14	4
otu1299	6	13	6	19	14	0	14	14	11	20
otu914	0	17	13	1	10	2	0	16	9	3
otu1502	7	0	17	1	12	6	6	13	20	5
otu2772	5	7	4	18	17	12	5	10	16	8
otu595	19	4	0	12	7	4	15	11	2	7
otu2702	1	12	8	18	13	9	11	10	15	9
otu1726	18	15	19	8	20	1	6	14	3	14
otu64	13	4	7	5	10	10	1	4	10	20
otu2123	14	0	20	2	13	6	19	9	6	3
otu701	6	12	13	6	3	8	10	14	13	20
otu6	1	7	15	16	10	9	8	15	17	0
otu2883	6	5	5	20	7	11	14	7	0	9
otu1938	17	16	4	10	10	16	13	10	5	7
otu556	6	14	18	13	10	17	16	6	18	20
otu653	12	6	1	20	12	17	5	15	17	9
otu1316	2	3	20	14	17	4	9	16	18	6
otu2143	7	1	5	14	11	18	9	7	6	18
otu1797	1	2	8	3	11	0	14	12	12	8
otu2011	15	15	13	18	15	1	0	13	0	15
otu2872	5	17	1	18	12	19	14	9	6	19
otu2746	20	9	5	10	13	10	1	6	10	15
otu2724	6	0	1	13	8	9	15	6	15	5
otu1627	14	16	13	5	3	5	4	14	5	19
otu589	13	10	20	2	1	10	16	16	3	18
otu1125	20	6	8	16	6	13	4	5	10	1
otu1742	5	14	6	5	4	5	2	8	13	17
otu1148	13	16	1	17	13	10	3	11	14	11
otu1339	19	3	19	2	7	9	18	3	18	17
otu1944	14	14	3	20	8	18	14	9	17	10
otu187	18	7	9	19	0	14	12	14	14	7
otu2641	10	17	1	13	19	6	11	9	7	5
otu1098	3	17	11	18	17	17	17	2	18	18
otu1752	16	3	15	14	1	1	11	7	11	20
otu310	14	11	11	14	12	18	12	13	20	1
otu1827	5	12	16	16	9	17	16	2	9	7
otu2342	18	17	15	7	12	5	5	17	0	1
otu2765	14	2	12	10	15	6	3	8	20	18
otu2353	5	19	15	8	2	9	14	2	15	12
otu380	5	7	2	8	6	10	10	3	16	18
otu963	8	17	13	2	1	12	18	3	15	1
otu1103	14	12	3	12	13	6	10	13	17	0
otu1924	8	12	7	2	18	13	19	0	17	5
otu681	11	15	5	10	11	19	9	0	5	7
otu2680	5	6	7	20	1	10	15	0	15	19
otu1708	11	10	2	16	20	10	17	20	3	3
otu1964	20	10	10	17	2	4	4	0	8	20
otu2797	16	5	1	13	14	4	5	15	10	3
otu2417	6	12	7	10	18	10	6	12	0	3
otu787	5	0	0	13	18	6	5	11	14	13
otu2643	1	17	4	14	4	5	7	0	16	12
otu1864	12	2	18	0	2	20	6	0	0	3
otu2606	10	18	11	10	7	16	9	11	19	9
otu547	1	15	16	3	2	3	8	19	5	16
otu1153	2	12	3	12	19	1	15	3	8	3
otu748	11	17	5	5	19	12	11	7	7	6
otu1574	4	1	17	17	0	13	0	18	17	4
otu939	19	1	18	1	13	2	15	6	13	13
otu2045	19	7	19	7	2	8	14	5	5	19
otu958	3	7	6	13	16	19	1	6	0	3
otu1409	1	2	14	8	20	4	9	19	1	8
otu2429	13	19	17	11	4	2	19	0	5	3
otu2363	0	5	6	1	17	14	13	18	12	19
otu938	7	8	17	13	18	0	20	4	6	18
otu1455	12	13	15	2	11	9	3	15	13	2
otu1783	20	11	10	10	11	7	8	20	0	8
otu1561	19	2	9	4	11	8	9	3	0	15
otu2670	6	3	3	7	10	18	13	0	10	0
otu1311	13	1	9	1	2	18	9	4	12	1
otu1305	9	13	5	10	1	10	5	2	3	1
otu728	17	0	11	5	7	8	8	12	0	1
otu2179	16	1	19	5	5	18	3	2	15	13
otu2943	12	14	14	3	6	20	9	18	17	10
otu2890	7	19	7	7	11	0	18	20	14	12
otu1288	16	11	3	2	5	4	10	12	19	2
otu804	8	3	7	8	14	4	6	12	9	17
otu967	16	6	11	4	17	15	3	15	11	10
otu982	5	0	13	14	10	10	9	2	7	6
otu108	17	4	11	4	10	19	15	9	10	7
otu2964	8	12	4	13	20	6	10	18	10	17
otu1257	0	13	15	3	11	14	5	10	14	9
otu2284	8	8	6	6	0	15	14	8	13	6
otu2338	11	0	6	14	4	9	12	7	2	3
otu1516	2	17	8	8	18	17	10	16	10	13
otu2306	17	9	17	18	7	16	5	2	19	2
otu386	7	18	4	12	5	18	0	9	16	13
otu822	6	8	11	20	16	11	1	1	9	17
otu944	12	4	4	4	18	15	14	15	5	20
otu2835	17	20	11	5	20	8	15	6	4	3
otu1179	19	12	5	16	19	15	11	13	12	1
otu354	13	8	16	5	13	19	5	8	3	16
otu76	17	16	1	13	0	2	20	1	1	9
otu1166	6	7	5	14	17	6	8	12	0	11
otu1178	10	7	11	14	6	14	3	6	3	2
otu424	19	6	18	10	2	18	2	9	3	10
otu417	2	18	6	3	2	18	8	20	6	5
otu1854	5	8	12	19	10	12	10	6	6	17
otu768	14	11	10	14	11	8	12	15	11	3
otu1558	6	1	9	7	6	14	11	8	3	8
otu1612	18	0	8	3	8	5	5	10	20	19
otu2552	0	18	8	9	7	20	3	7	17	19
otu2419	15	1	9	2	15	9	15	0	1	0
otu1733	13	5	19	4	7	19	12	20	20	14
otu1896	10	16	20	15	19	1	14	9	14	12
otu2861	11	20	2	11	5	20	8	0	3	14
otu2079	20	16	9	20	11	20	19	0	17	10
otu217	0	17	20	20	11	5	15	1	17	17
otu2378	18	19	8	6	4	0	0	17	14	11
otu961	13	1	7	11	8	19	19	12	15	5
otu585	17	19	14	17	17	9	12	16	9	20
otu2438	14	1	16	18	13	20	9	0	19	2
otu654	17	4	7	13	6	4	8	9	17	15
otu401	19	4	18	7	13	0	11	1	13	2
otu179	1	20	2	18	4	7	11	16	18	5
otu283	20	19	12	13	16	16	2	2	5	10
otu2346	18	1	20	19	17	19	11	10	17	1
otu237	7	14	12	20	1	16	17	16	15	17
otu2939	12	16	1	13	16	10	4	18	3	17
otu1194	19	9	10	5	16	2	20	14	5	2
otu2375	3	4	9	4	12	2	11	20	13	6
otu1330	15	1	4	1	3	17	6	15	7	5
otu1740	2	16	5	15	6	16	8	1	7	7
otu5	3	15	2	20	19	8	8	7	15	17
otu844	1	12	19	4	8	15	4	8	17	13
otu617	16	15	12	20	0	18	9	4	17	10
otu964	7	5	12	11	20	0	11	10	19	3
otu1399	13	10	16	8	1	0	16	12	18	20
otu530	16	11	4	17	4	1	16	2	1	5
otu207	13	11	17	0	11	17	10	5	1	10
otu624	17	19	4	2	16	1	13	4	11	0
otu752	11	20	11	0	1	3	17	2	5	12
otu2616	5	13	6	5	18	12	20	15	9	20
otu1058	5	15	4	6	14	17	6	5	6	9
otu1297	16	3	15	6	1	13	6	14	19	18
otu1147	16	8	16	5	16	0	9	7	8	15
otu397	1	15	10	7	12	18	13	20	10	1
otu2665	7	9	16	12	10	6	15	3	19	16
otu1607	8	9	8	13	12	13	18	11	16	13
otu2620	0	5	1	16	2	10	15	12	10	2
otu1501	3	16	1	4	12	9	3	8	19	9
otu1894	10	10	19	1	14	12	6	13	15	5
otu308	14	3	1	4	3	5	15	4	2	14
otu2180	6	8	11	18	20	15	2	11	6	12
otu1272	6	19	13	0	14	2	5	8	13	20
otu1259	8	4	19	15	15	11	9	12	18	20
otu466	20	15	3	18	14	3	4	3	10	15
otu1601	0	6	3	4	13	6	5	4	5	14
otu2815	17	6	12	0	13	15	2	14	13	7
otu2433	9	14	4	7	2	11	0	1	1	9
otu425	5	9	3	12	17	7	3	11	2	12
otu1172	3	3	18	5	14	18	9	2	4	9
otu2151	7	11	0	7	20	11	4	0	10	20
otu2977	11	13	10	9	8	0	3	8	17	20
otu2271	17	1	19	14	18	1	16	8	4	19
otu846	20	1	12	10	10	11	10	17	6	19
otu2332	17	16	19	4	20	12	9	0	2	1
otu603	17	10	11	18	14	19	4	4	5	4
otu1068	11	4	19	11	11	10	20	15	11	12
otu1807	18	5	17	16	9	15	9	5	6	4
otu1396	0	15	11	8	10	9	9	0	14	2
otu1215	12	8	14	16	15	1	10	1	6	11
otu816	8	10	20	14	6	18	20	3	8	6
otu117	18	18	15	3	4	15	16	20	0	18
otu899	18	0	4	19	1	20	4	13	0	2
otu2754	9	13	17	3	9	13	18	18	20	2
otu570	4	13	15	15	3	11	15	9	10	13
otu1613	5	12	16	1	5	9	3	5	19	7
otu2516	0	0	17	17	10	10	12	14	14	5
otu2639	8	3	16	4	12	8	7	3	7	6
otu2722	14	16	14	4	13	6	5	3	20	13
otu2685	6	9	6	10	8	6	5	12	9	20
otu1401	1	3	6	11	17	8	16	15	20	3
otu1329	3	1	11	13	15	12	1	2	14	11
otu799	1	16	10	8	18	5	16	14	0	12
otu1200	2	6	19	14	16	2	1	1	9	16
otu1786	19	3	12	17	14	11	3	4	0	10
otu2084	11	12	12	4	18	11	14	7	9	9
otu1373	2	2	12	13	12	19	11	6	11	0
otu592	14	11	11	9	18	17	20	15	19	14
otu1500	15	16	6	19	18	10	12	19	9	18
otu1008	19	3	15	9	15	16	0	17	7	10
otu261	14	3	13	6	1	20	17	20	20	0
otu81	3	3	18	4	5	13	10	16	18	16
otu2012	6	3	17	13	0	15	16	0	14	13
otu442	8	16	0	16	15	4	16	14	9	14
otu1598	11	13	15	20	15	14	16	17	16	11
otu1529	16	7	17	0	8	16	4	8	13	1
otu1332	4	2	20	16	17	5	1	20	3	5
otu119	6	20	20	9	17	20	14	15	15	18
otu2082	2	5	15	8	16	17	19	9	18	13
otu2316	15	10	9	15	2	20	11	11	18	8
otu2251	15	11	8	6	15	16	10	0	16	6
otu2216	17	16	4	6	1	0	4	7	13	19
otu755	4	4	11	2	13	15	9	8	12	20
otu2921	4	14	14	5	8	7	5	10	2	9
otu870	16	14	5	18	15	19	2	19	1	19
otu750	17	15	9	16	4	16	11	7	5	9
otu2545	11	14	20	1	17	3	15	11	2	7
otu2769	20	19	8	9	6	4	9	4	18	10
otu2607	16	20	16	20	6	11	17	7	12	3
otu399	10	1	1	10	3	19	10	16	9	18
otu735	9	9	14	12	4	20	14	10	3	10
otu2489	19	6	1	2	1	12	7	19	7	9
otu2055	16	20	3	15	15	15	3	3	4	1
otu1770	0	2	17	6	16	17	20	18	5	15
otu1406	7	9	7	1	7	7	8	7	13	3
otu2787	2	13	18	5	3	5	16	2	18	0
otu2320	19	10	7	17	4	10	20	12	6	10
otu2802	4	8	12	1	19	4	19	14	16	20
otu1856	11	14	2	7	2	14	20	13	17	0
otu2137	13	19	1	2	8	3	17	19	1	10
otu143	12	9	13	16	0	20	4	19	19	10
otu186	18	17	15	7	7	3	17	7	13	0
otu461	16	12	11	12	2	1	9	5	18	13
otu900	13	18	14	0	6	3	12	11	19	7
otu2331	14	9	14	6	19	4	3	1	12	8
otu282	15	8	15	13	14	2	10	14	1	14
otu2649	0	15	8	1	13	19	17	15	11	0
otu297	6	8	0	12	18	7	8	18	3	0
otu2568	19	10	6	2	2	15	14	17	3	10
otu2560	6	3	14	20	13	20	14	20	16	0
otu1314	1	20	11	2	1	12	15	0	3	7
otu878	2	5	5	3	2	17	3	8	7	20
otu1231	10	10	10	11	19	16	8	1	17	12
otu1643	12	20	0	5	4	12	20	3	1	14
otu182	16	13	12	9	18	0	13	5	7	17
otu2979	20	0	7	2	2	20	7	4	0	14
otu2550	5	1	2	18	14	12	15	17	3	0
otu351	3	20	13	13	17	12	19	17	17	14
otu1616	12	0	14	12	2	10	19	19	4	19
otu2091	20	14	20	2	7	11	0	12	16	1
otu994	6	19	19	5	6	7	2	0	16	13
otu667	0	19	10	11	18	8	10	3	9	10
otu527	10	2	0	18	3	1	13	14	20	18
otu1307	6	5	14	19	7	14	19	11	0	15
otu761	3	7	8	8	20	1	11	3	16	18
otu1377	3	9	15	13	14	19	12	9	3	11
otu993	17	1	19	19	11	7	18	10	11	18
otu2379	0	13	16	5	13	20	9	4	11	6
otu886	6	6	3	1	3	2	20	0	13	12
otu1597	12	6	7	15	1	18	0	20	0	7
otu1727	7	2	14	17	3	20	5	2	13	1
otu697	0	15	2	17	19	5	6	18	16	19
otu1936	15	17	16	15	17	7	2	20	4	4
otu165	17	4	14	8	9	13	14	12	1	10
otu2533	10	6	16	9	12	15	10	4	5	5
otu2449	17	3	8	11	17	15	13	11	14	20
otu2126	19	2	0	4	7	2	15	17	14	5
otu1617	14	5	8	17	3	2	15	10	5	15
otu130	3	2	14	6	20	16	7	4	3	1
otu633	6	16	18	7	2	15	1	11	12	20
otu2018	16	11	14	14	10	14	8	18	6	1
otu2002	18	11	16	2	11	0	10	5	15	2
otu1932	5	8	19	5	2	7	13	18	17	0
otu2376	7	12	15	9	16	6	3	1	12	4
otu480	16	2	4	18	0	8	12	4	3	4
otu12	15	16	5	9	15	11	0	20	6	2
otu15	6	18	16	4	8	16	14	12	18	0
otu168	0	9	13	4	2	4	16	15	1	8
otu541	12	5	3	14	13	0	12	3	18	5
otu1700	7	17	11	4	11	2	17	20	16	7
otu172	11	0	13	0	18	9	10	15	6	9
otu2903	1	13	14	5	6	5	5	11	5	9
otu1277	0	11	12	14	10	10	3	12	6	10
otu2062	15	18	4	11	4	9	11	11	13	11
otu2421	7	7	4	7	16	18	7	4	9	14
otu301	20	0	17	1	15	16	18	3	6	0
otu75	1	4	0	8	0	18	19	12	8	4
otu2565	12	0	14	9	20	3	7	11	5	8
otu1116	20	14	20	11	13	19	10	6	7	1
otu110	0	5	15	15	17	9	3	0	3	13
otu24	15	4	3	17	0	16	7	12	0	7
otu1065	7	8	16	0	10	6	8	6	8	19
otu2025	16	19	3	2	17	11	7	10	3	1
otu2527	12	13	17	10	20	6	7	6	17	14
otu1283	11	14	18	8	15	12	5	8	10	2
otu1945	15	2	20	9	20	11	5	1	3	11
otu2476	17	0	13	13	6	14	10	10	5	3
otu1704	12	13	6	19	14	9	11	14	13	20
otu1805	4	16	10	0	17	3	17	16	16	19
otu1587	4	12	18	11	11	6	8	20	19	16
otu1891	0	9	9	10	4	19	6	17	3	7
otu219	12	20	14	8	8	14	9	1	7	4
otu1653	15	5	13	3	3	20	2	16	13	17
otu1117	20	9	3	11	20	14	12	12	2	11
otu847	11	7	0	3	10	20	2	8	14	16
otu1584	6	6	1	1	9	11	4	5	17	7
otu1802	20	0	3	7	13	4	3	15	13	8
otu2406	12	5	18	11	0	7	8	14	3	1
otu670	19	6	4	10	7	16	11	15	5	9
otu2317	12	3	12	13	3	4	17	13	11	3
otu1417	4	11	16	18	14	13	4	11	8	5
otu2443	0	17	12	16	9	8	8	5	8	17
otu44	14	14	8	10	16	1	4	3	10	12
otu2846	11	0	13	10	2	4	18	19	4	14
otu2587	5	14	15	10	7	10	3	2	10	2
otu2093	10	4	16	20	12	3	17	12	15	0
otu2718	10	14	2	15	17	15	7	16	12	0
otu494	18	6	2	13	9	13	3	12	9	7
otu2290	7	11	11	11	10	5	5	5	0	16
otu859	0	15	6	13	3	2	5	7	20	12
otu2814	0	1	18	7	11	2	10	4	8	13
otu2978	17	6	13	16	4	2	2	10	11	15
otu454	10	9	16	10	14	18	16	9	16	7
otu1026	1	0	19	20	14	17	13	9	2	18
otu1560	0	13	20	4	2	20	19	14	11	18
otu2209	18	6	20	5	2	13	10	1	4	6
otu1892	9	11	2	8	7	9	20	13	12	17
otu295	9	11	3	6	5	8	5	0	20	14
otu2397	19	2	7	17	0	18	15	6	8	17
otu840	16	18	17	19	13	8	1	6	13	14
otu2594	16	6	2	2	8	18	5	2	5	18
otu2145	12	14	18	12	12	9	14	3	9	13
otu1499	14	14	19	20	12	7	19	7	13	4
otu864	16	15	13	3	8	3	7	0	17	12
otu1832	14	8	18	16	6	5	10	18	17	2
otu1402	20	18	3	1	11	5	6	7	6	12
otu1969	13	16	15	6	18	0	2	11	10	10
otu500	7	13	8	4	17	6	5	2	14	5
otu1550	19	13	5	14	15	7	4	13	18	3
otu2191	11	15	14	5	16	16	8	3	17	7
otu1592	0	2	2	7	1	3	11	18	0	13
otu559	9	15	17	1	11	9	16	4	18	15
otu2805	9	7	1	8	8	11	13	13	12	19
otu2139	3	15	9	4	6	13	8	20	10	13
otu2278	14	1	9	17	17	17	19	20	9	14
otu511	17	16	6	11	17	1	19	6	17	7
otu1095	7	2	17	0	18	9	19	4	20	20
otu497	12	8	19	17	18	17	19	6	16	18
otu656	15	2	16	16	18	16	16	1	6	17
otu2494	12	11	3	12	4	20	20	1	14	8
otu2347	9	13	20	13	16	13	18	10	9	6
otu2140	0	18	4	12	18	8	3	9	7	15
otu2716	14	18	1	9	17	14	15	2	8	15
otu2034	6	14	13	4	18	15	20	6	17	18
otu160	20	7	9	17	14	20	14	20	12	15
otu1851	19	17	13	20	8	12	20	0	3	13
otu942	11	8	10	18	18	18	15	7	5	14
otu446	2	19	12	11	11	9	3	20	14	20
otu1705	19	15	0	18	10	2	6	12	0	6
otu1723	19	1	1	13	1	15	15	5	18	15
otu333	20	14	2	3	19	8	20	15	0	18
otu2830	19	0	12	15	15	4	10	7	2	5
otu951	0	3	10	17	4	7	10	6	7	0
otu607	18	9	15	20	2	0	15	19	3	19
otu2241	13	11	2	10	12	3	14	8	18	4
otu1089	5	15	5	11	2	11	3	20	18	17
otu2841	11	10	12	8	15	5	17	16	17	1
otu1298	14	8	13	19	10	16	0	12	17	10
otu1100	1	20	16	8	7	20	19	12	4	17
otu2877	5	2	12	14	4	9	17	10	8	16
otu1022	12	8	3	8	10	6	19	10	0	16
otu54	4	16	8	3	5	18	3	8	0	5
otu104	15	1	0	9	19	8	1	12	6	0
otu721	16	9	6	7	18	15	1	0	12	0
otu1707	0	19	1	7	8	3	4	8	8	13
otu1199	3	5	17	4	13	10	15	5	10	1
otu1279	15	9	9	10	14	14	7	6	8	10
otu2997	18	4	10	12	6	13	18	4	0	16
otu2673	9	9	2	18	7	1	10	6	10	3
otu2098	14	0	19	18	3	0	4	6	11	1
otu345	19	16	3	5	12	11	18	7	0	15
otu2132	20	11	17	2	2	1	15	15	10	9
otu1391	12	12	11	0	7	17	16	4	19	12
otu209	9	10	3	5	8	8	7	3	10	0
otu1539	19	20	9	4	17	13	6	3	19	9
otu1216	20	9	15	1	14	1	20	4	11	8
otu579	12	9	7	2	0	15	15	12	15	19
otu2904	8	0	0	10	8	14	16	12	20	15
otu484	8	15	6	20	8	14	15	3	9	5
otu2512	18	15	18	8	4	3	13	1	9	5
otu1839	9	9	17	7	8	13	8	2	11	3
otu912	13	17	4	6	9	2	7	17	5	15
otu1868	1	2	20	16	11	13	3	10	1	11
otu1053	15	14	14	17	20	8	11	9	0	7
otu312	10	12	5	3	4	19	7	9	3	7
otu879	19	4	0	9	13	9	9	17	1	15
otu2215	5	11	11	16	7	8	11	9	5	10
otu1436	11	1	16	11	14	7	13	13	12	9
otu2678	19	11	17	1	14	4	17	9	10	10
otu1294	18	15	15	14	19	2	14	6	0	20
otu640	12	7	19	10	13	13	12	8	17	20
otu2880	9	3	8	1	15	14	13	14	11	5
otu2298	2	13	10	19	5	19	4	11	18	17
otu1327	17	17	2	19	10	6	4	11	16	4
otu2152	10	5	14	6	4	7	6	6	17	14
otu502	1	16	1	19	20	11	14	17	17	18
otu151	8	3	10	3	0	1	12	4	9	8
otu665	11	11	9	15	11	12	9	2	19	20
otu2875	9	17	12	3	0	11	11	0	14	9
otu795	5	3	18	10	19	13	14	17	20	3
otu2937	0	17	0	13	4	6	11	2	9	20
otu2232	18	14	19	2	4	13	17	6	9	3
otu220	4	15	19	1	10	6	15	17	15	16
otu2426	3	12	3	2	5	16	5	19	3	16
otu147	15	7	15	3	12	19	10	17	18	16
otu835	1	0	19	12	13	6	8	13	8	15
otu441	15	12	6	13	8	16	5	9	1	12
otu148	19	7	6	4	15	7	16	7	14	6
otu2300	13	20	10	5	14	8	16	17	11	10
otu350	1	5	12	11	0	2	19	9	15	7
otu1665	8	12	18	14	10	7	17	20	11	4
otu1101	16	16	1	16	19	11	19	16	17	8
otu2456	16	14	15	5	2	13	10	13	4	8
otu2664	4	8	6	12	3	0	18	15	1	12
otu2992	0	4	0	18	13	8	4	12	15	6
otu1469	3	7	2	14	12	13	15	12	5	5
otu272	1	18	14	8	15	13	20	3	15	1
otu1632	13	4	2	6	4	0	5	8	19	10
otu901	19	12	1	3	15	7	9	3	11	2
otu903	19	10	11	15	15	13	11	3	8	14
otu1171	10	2	16	8	0	12	2	9	0	6
otu504	20	7	6	19	1	8	7	7	12	1
otu774	7	11	10	15	20	16	5	19	0	19
otu1908	13	12	2	0	8	12	8	3	1	20
otu1973	3	12	19	4	5	10	15	17	15	2
otu326	3	14	4	5	19	5	1	1	11	0
otu1835	2	10	13	6	19	8	4	12	4	8
otu1012	12	12	19	15	12	0	15	6	19	6
otu314	17	8	7	15	10	9	14	3	10	12
otu131	1	7	0	7	4	4	3	10	3	7
otu2095	13	4	6	14	18	20	20	10	15	17
otu2923	13	2	8	2	7	5	19	3	16	19
otu2608	11	17	14	6	7	6	19	0	10	0
otu1995	19	8	2	16	2	3	1	19	20	2
otu1296	2	8	19	0	8	15	19	8	0	16
otu2233	17	15	8	11	8	3	4	15	14	3
otu489	15	16	11	13	11	4	3	7	0	5
otu918	17	19	11	19	19	18	15	12	17	2
otu2885	2	11	9	16	15	11	8	7	15	19
otu2408	7	17	11	12	14	15	12	4	5	13
otu1032	5	13	15	14	5	6	3	10	2	3
otu300	2	4	2	1	18	6	16	14	4	14
otu2083	2	13	17	15	12	3	4	13	6	12
otu887	6	7	17	5	0	16	18	20	8	18
otu96	19	7	5	3	20	8	10	20	19	5
otu1251	2	17	20	3	0	6	9	5	8	13
otu223	8	17	1	5	17	3	20	5	4	16
otu133	2	4	20	8	6	19	18	14	15	15
otu1293	4	5	13	7	0	9	1	6	5	1
otu973	14	17	18	17	5	13	5	1	19	18
otu2933	11	13	8	13	6	5	18	6	13	1
otu1789	14	14	14	15	0	5	0	2	13	13
otu2048	11	16	15	19	10	17	3	13	20	7
otu1675	6	10	13	19	14	11	13	18	20	4
otu1667	13	19	10	12	4	14	5	19	12	6
otu1657	19	16	3	17	2	11	1	0	15	17
otu581	19	2	13	12	7	13	9	18	12	17
otu710	2	9	15	1	16	5	5	5	9	8
otu1576	12	0	17	16	2	9	15	8	3	19
otu1083	18	15	18	9	7	5	6	12	6	2
otu2773	18	20	3	5	6	0	20	5	7	10
otu571	10	4	4	5	11	0	16	6	0	12
otu704	4	7	11	16	7	2	17	18	13	6
otu68	10	9	4	5	5	2	12	3	10	3
otu1710	17	11	8	14	1	3	3	12	15	19
otu1131	13	4	18	15	13	7	2	14	18	18
otu2194	16	20	13	16	7	12	20	20	0	18
otu1338	12	0	17	20	11	16	19	12	0	7
otu93	9	2	13	18	4	10	19	2	1	9
otu1015	0	11	3	8	16	19	11	12	7	20
otu2336	6	13	0	15	10	5	5	10	13	7
otu2574	10	7	18	5	18	16	3	14	7	2
otu913	19	2	1	15	0	14	11	10	17	0
otu2758	12	1	8	10	1	0	18	13	20	17
otu1461	13	2	17	5	5	10	16	11	0	18
otu189	6	3	12	7	18	20	4	7	13	18
otu1608	8	11	11	20	7	19	6	9	0	9
otu1202	13	5	16	8	4	2	12	12	17	15
otu463	14	4	11	1	11	6	20	18	20	5
otu1985	1	15	18	4	3	6	0	17	9	15
otu1916	3	15	9	5	6	4	20	2	19	12
otu1048	5	2	6	16	9	19	13	2	20	5
otu2605	1	0	0	3	17	10	11	10	14	0
otu2956	10	1	0	2	16	20	3	13	8	8
otu2206	10	12	2	19	10	18	15	6	6	15
otu158	8	6	4	2	12	3	5	8	18	11
otu2477	18	15	9	14	8	16	16	10	11	5
otu2515	20	1	0	11	0	12	0	7	12	9
otu2774	3	7	13	4	11	6	20	16	1	6
otu238	17	20	1	17	7	13	3	11	14	13
otu2710	18	3	10	4	6	6	10	4	20	17
otu1225	2	20	10	17	6	4	20	14	19	12
otu1289	2	9	9	16	12	15	9	19	7	12
otu1504	14	1	20	6	13	7	9	16	12	18
otu1193	2	10	0	12	12	2	1	17	1	7
otu1253	2	20	2	11	12	14	17	6	5	19
otu38	0	15	13	0	10	8	18	1	11	0
otu2051	14	16	15	15	9	18	7	12	10	2
otu717	8	12	5	18	18	5	10	4	17	1
otu2340	10	7	16	18	3	10	9	17	13	11
otu1285	20	9	20	0	2	17	10	17	13	13
otu1167	6	5	17	14	15	15	0	15	11	12
otu2081	9	10	14	19	13	7	18	20	3	11
otu1526	16	17	6	10	3	13	9	10	19	3
otu2427	3	17	1	16	19	6	8	5	10	5
otu274	2	1	15	19	10	14	13	16	13	9
otu861	20	10	20	19	11	6	17	12	2	17
otu2101	11	10	1	16	3	3	6	20	10	20
otu278	16	20	19	17	6	0	10	12	19	17
otu2922	5	1	18	3	13	9	6	15	15	8
otu235	9	14	2	20	11	1	15	0	16	8
otu30	5	13	16	9	9	20	11	1	4	7
otu2444	10	18	9	2	0	14	14	10	14	4
otu25	13	16	15	11	6	13	16	4	13	5
otu2160	3	20	7	20	15	13	17	12	16	5
otu1122	16	4	10	16	5	7	19	13	3	20
otu2224	2	19	2	18	6	18	12	5	1	17
otu1443	5	20	11	4	11	5	6	9	8	11
otu1156	9	18	13	12	12	19	8	16	19	10
otu2256	0	4	7	9	15	10	15	11	7	19
otu1974	1	13	17	3	7	12	20	6	2	0
otu2268	10	6	8	12	16	13	18	1	5	2
otu1318	4	5	14	5	18	16	14	13	8	8
otu1106	17	3	13	14	11	14	4	8	16	13
otu2609	13	9	19	15	19	11	12	8	3	5
otu42	10	15	8	7	1	17	19	13	20	16
otu825	8	3	15	17	15	4	0	19	11	16
otu2796	7	6	6	9	15	7	12	13	19	5
otu381	18	7	17	11	7	0	2	7	16	3
otu2315	13	16	20	6	6	0	3	8	9	16
otu613	20	20	19	20	8	10	0	0	8	0
otu1357	12	13	3	2	20	0	19	16	16	13
otu1460	10	8	12	17	8	2	3	8	1	1
otu2359	17	14	3	6	12	4	16	19	6	0
otu1581	2	10	6	9	15	2	14	16	3	3
otu2671	17	20	1	20	9	6	11	17	6	11
otu2023	7	14	11	4	7	20	15	15	8	4
otu2867	5	11	18	3	9	12	10	9	5	1
otu1495	3	10	11	14	0	0	14	13	5	0
otu2901	4	16	9	5	2	3	13	14	8	10
otu1230	16	10	3	15	4	3	19	17	16	9
otu2804	7	3	4	19	5	0	18	8	13	16
otu1654	15	12	13	14	14	7	1	8	20	3
otu1697	6	16	9	0	20	18	4	10	10	4
otu358	18	9	1	14	20	12	9	16	6	3
otu87	11	14	17	15	4	12	19	10	16	0
otu2170	14	5	19	12	0	15	4	10	18	12
otu539	9	10	1	15	8	7	17	14	7	4
otu2967	17	2	1	18	4	20	2	4	0	18
otu1762	1	4	0	14	8	3	5	7	14	5
otu2446	1	11	16	16	19	18	13	17	8	9
otu692	17	17	20	20	20	20	13	13	1	13
otu1709	6	19	0	9	6	2	11	12	12	17
otu1062	2	5	5	0	5	12	13	20	18	9
otu2824	12	8	7	16	11	0	2	6	17	12
otu2136	20	14	10	16	14	10	13	1	9	1
otu2914	11	12	2	15	1	13	2	7	6	17
otu689	1	2	14	15	4	14	2	5	8	18
otu718	12	13	18	8	1	13	3	14	19	20
otu194	20	1	6	6	18	10	8	5	2	16
otu1966	18	13	1	11	9	0	13	8	19	12
otu2269	6	6	17	6	8	17	19	20	6	5
otu2920	14	9	7	10	2	6	1	15	20	5
otu810	16	6	8	20	8	8	18	3	3	13
otu1514	4	0	3	18	2	8	17	14	4	4
otu2217	15	12	11	14	11	7	0	19	14	9
otu2313	0	19	2	15	20	15	8	7	3	7
otu198	16	12	18	17	7	11	18	19	20	5
otu98	18	17	17	5	15	2	2	1	2	7
otu1331	7	6	1	3	8	1	18	20	20	20
otu435	18	4	20	1	3	20	14	1	2	5
otu1963	16	8	12	4	6	3	1	15	11	17
otu1313	13	13	19	19	0	4	19	5	0	10
otu2297	4	14	14	7	11	6	17	7	2	9
otu854	11	3	10	5	17	2	11	12	10	0
otu79	11	19	5	19	16	16	19	15	9	18
otu291	18	11	15	19	12	13	8	5	17	16
otu1541	14	20	8	5	7	2	11	14	5	18
otu2759	4	7	9	10	13	3	3	18	6	7
otu1913	3	16	3	20	18	1	7	6	15	13
otu1433	9	7	16	7	8	12	20	19	17	15
otu2374	6	18	2	20	18	8	13	17	14	2
otu2721	7	16	5	7	5	5	9	15	19	17
otu1633	8	8	10	5	19	4	13	18	7	6
otu2111	12	2	20	14	6	2	16	7	18	14
otu1134	10	5	19	8	6	0	5	7	8	4
otu1310	8	4	12	19	3	11	12	17	15	1
otu1902	18	20	1	12	15	3	16	13	2	18
otu1647	18	2	12	13	15	15	15	16	9	1
otu1595	8	19	14	7	19	7	10	0	14	20
otu915	11	18	2	18	5	17	12	13	7	1
otu176	6	17	19	12	12	11	10	0	16	17
otu2328	18	8	3	20	6	5	19	0	2	9
otu1626	17	12	7	9	5	5	19	18	15	2
otu1020	11	18	18	13	10	20	19	18	15	16
otu2932	12	15	18	19	18	15	10	3	3	10
otu140	2	6	5	10	9	11	17	12	17	3
otu2506	7	14	19	8	1	5	20	14	12	16
otu2181	10	17	18	3	10	2	14	7	7	17
otu475	7	14	13	19	7	0	16	9	19	18
otu948	1	5	5	20	0	13	5	8	5	5
otu1157	17	20	17	5	8	7	7	6	3	17
otu356	10	16	2	17	0	13	11	20	1	12
otu103	9	7	16	10	18	20	16	10	15	3
otu69	10	17	16	6	14	19	18	1	19	5
otu708	2	20	18	4	1	8	7	6	14	13
otu738	15	11	13	11	2	19	19	14	14	19
otu747	9	17	4	2	20	1	12	19	5	13
otu699	17	3	5	5	9	1	13	5	4	18
otu2453	19	3	2	14	1	1	18	10	20	10
otu1528	2	1	14	13	8	13	13	19	6	0
otu420	11	12	2	15	17	15	20	0	9	20
otu1304	1	8	8	19	17	12	12	14	19	6
otu2493	4	11	18	12	10	16	18	6	12	1
otu1384	10	6	3	6	15	8	4	7	12	19
otu2024	19	14	15	20	17	14	7	16	13	20
otu1416	4	8	14	15	7	6	10	14	11	18
otu1264	1	11	2	10	6	13	1	10	2	8
otu2698	4	16	19	11	5	0	5	14	3	8
otu1543	19	14	0	12	16	11	3	13	3	13
otu263	16	4	1	20	2	7	4	12	11	6
otu1683	17	10	1	8	12	4	13	11	17	17
otu583	2	7	10	16	3	10	3	12	11	7
otu515	4	19	19	7	10	5	13	3	13	16
otu996	1	9	6	7	14	4	16	4	1	6
otu512	11	7	15	4	18	5	10	2	12	3
otu1655	14	13	0	20	1	3	19	7	8	18
otu1782	8	8	15	4	6	13	8	19	9	8
otu2351	10	9	1	1	19	1	2	9	20	8
otu157	19	3	11	2	1	20	12	12	20	5
otu2636	20	20	3	16	14	5	10	16	1	16
otu67	16	18	18	12	4	16	1	14	13	7
otu2974	13	15	6	9	6	13	4	9	2	17
otu1374	12	13	7	14	6	12	3	19	12	13
otu922	12	17	16	0	20	18	0	3	13	1
otu2177	15	12	2	15	15	5	10	17	16	13
otu1978	0	18	4	13	7	2	13	9	1	7
otu743	10	9	2	8	0	8	8	1	18	6
otu2492	9	16	3	8	10	4	10	10	1	12
otu1309	9	9	12	17	1	12	8	4	11	7
otu1350	16	10	7	6	18	15	12	16	18	20
otu2066	9	2	18	7	14	12	13	12	2	9
otu2240	14	10	5	17	0	20	13	10	18	3
otu1881	15	16	16	19	8	0	7	5	13	5
otu884	19	5	20	18	10	12	9	7	17	9
otu2238	0	4	2	3	8	2	9	5	20	7
otu2486	3	2	4	11	3	5	15	7	20	0
otu1267	15	20	4	19	10	17	1	11	20	4
otu396	0	11	18	13	10	8	0	17	8	10
otu2652	3	9	6	17	6	20	2	8	20	12
otu2966	16	15	7	13	3	0	12	13	17	12
otu797	10	2	7	13	13	13	10	14	6	14
otu584	15	10	4	7	9	4	0	13	1	14
otu1394	20	7	13	9	19	5	17	10	7	1
otu2898	19	9	0	1	14	0	12	11	10	20
otu388	2	15	8	18	0	11	4	6	17	20
otu1883	0	5	6	12	19	8	2	0	5	6
otu1041	13	15	16	4	12	5	7	2	18	14
otu823	8	5	4	10	17	9	9	12	7	15
otu2441	0	9	18	1	11	0	0	3	14	15
otu2228	4	20	10	13	17	12	0	13	7	9
otu1745	18	9	7	18	20	2	13	13	1	16
otu1534	13	20	20	1	4	2	18	18	5	20
otu2448	17	17	7	19	18	17	19	15	14	19
otu1431	12	20	4	1	12	16	19	11	19	18
otu637	7	20	5	5	14	17	8	11	0	15
otu2010	8	17	7	16	7	5	5	17	8	13
otu2393	8	19	7	7	5	13	5	1	2	4
otu2395	18	8	20	7	2	13	10	9	7	20
otu2768	2	7	4	9	4	15	6	3	18	11
otu1503	3	20	4	0	20	0	10	18	5	9
otu293	13	19	10	18	12	15	14	1	2	0
otu1435	16	16	19	8	10	15	4	16	12	8
otu197	14	5	1	5	8	11	14	14	19	18
otu2431	13	1	3	3	11	12	3	17	14	8
otu1834	4	19	18	20	6	11	1	0	9	6
otu1096	8	13	2	16	1	16	9	12	11	9
otu1968	0	1	6	11	3	10	14	18	4	1
otu2910	11	16	18	9	18	10	7	16	18	12
otu1108	8	19	1	5	11	15	4	6	18	8
otu789	19	8	8	4	12	2	14	5	2	8
otu1540	20	4	8	7	6	19	7	4	9	5
otu1800	15	3	5	15	10	6	6	5	2	2
otu1980	14	0	13	20	18	4	9	19	12	16
otu2134	0	7	6	4	19	12	14	5	16	16
otu2450	14	15	14	16	2	13	3	5	5	10
otu2912	16	8	4	7	5	16	2	3	18	13
otu2981	5	4	11	9	19	7	8	6	15	9
otu833	5	17	17	14	13	15	14	9	9	17
otu2197	12	17	4	17	15	2	15	14	1	18
otu686	5	2	8	19	2	6	12	11	1	7
otu285	14	12	18	0	17	4	9	9	15	20
otu2169	19	15	6	17	11	11	3	5	3	13
otu2447	0	1	0	20	18	7	9	1	10	11
otu1322	0	4	5	4	2	7	9	5	17	14
otu955	3	6	12	17	0	0	2	0	11	14
otu1671	9	15	13	2	20	11	11	2	8	11
otu538	16	15	19	13	11	0	17	18	13	1
otu1161	18	15	10	18	0	2	13	19	2	15
otu2534	20	2	8	9	9	9	6	5	2	0
otu2398	11	0	7	7	13	10	15	18	2	20
otu682	13	10	18	16	13	18	11	6	16	17
otu2201	14	5	16	12	3	16	20	12	11	17
otu1119	7	6	2	6	20	10	0	3	16	4
otu1991	11	11	18	16	12	0	9	19	20	18
otu338	18	10	12	8	5	8	5	5	5	15
otu2000	1	7	15	9	10	19	11	2	10	12
otu1878	15	2	13	11	7	9	18	3	19	12
otu2808	3	18	7	2	12	0	15	6	1	17
otu2244	19	15	12	20	5	8	16	0	16	8
otu1051	1	7	16	11	8	6	15	2	2	12
otu1573	4	0	4	19	8	4	13	17	2	9
otu499	5	12	10	18	11	11	8	13	17	6
otu757	11	15	11	4	3	18	8	18	7	5
otu2325	20	17	4	6	7	9	18	18	15	7
otu2873	16	16	18	6	6	3	4	10	1	3
otu1448	6	12	3	14	12	2	17	3	3	10
otu1799	20	11	19	4	0	14	15	0	4	16
otu1690	19	5	19	14	6	1	12	8	1	6
otu1018	6	0	8	3	8	1	11	4	14	0
otu2711	10	9	6	7	7	16	10	9	13	3
otu2473	5	16	0	14	3	0	19	19	17	14
otu2760	13	17	13	3	8	1	4	7	17	0
otu211	20	5	20	13	16	12	17	1	3	6
otu27	18	7	4	7	5	17	1	17	6	10
otu1422	11	3	7	0	5	13	4	19	7	19
otu2019	11	7	3	20	20	17	18	19	8	17
otu471	11	8	0	18	18	17	10	9	5	12
otu2870	3	3	19	18	17	15	11	10	3	18
otu2918	16	12	9	1	15	7	16	17	16	16
otu107	19	2	3	3	16	12	20	16	12	4
otu1442	19	14	0	19	10	5	20	2	1	19
otu262	2	14	7	0	2	1	14	12	6	18
otu2482	9	14	12	12	8	6	19	15	8	12
otu357	20	16	14	15	4	1	6	11	14	18
otu162	14	16	11	7	12	18	0	18	4	8
otu2561	10	2	16	1	9	1	3	8	14	16
otu2741	10	18	14	3	4	19	3	6	16	13
otu647	13	13	18	4	6	4	19	7	14	5
otu891	16	10	17	11	4	7	11	5	11	9
otu946	8	9	6	4	13	3	7	11	13	2
otu2490	9	19	5	12	8	20	12	19	16	4
otu2371	0	11	0	20	19	20	9	3	7	14
otu593	2	8	4	10	7	7	11	17	11	18
otu493	11	1	13	3	14	1	18	15	4	5
otu1886	11	15	19	2	12	0	11	0	16	6
otu1997	19	5	4	2	14	19	10	0	5	14
otu1778	12	12	9	12	18	18	15	13	11	12
otu1722	11	11	16	11	9	14	10	3	3	15
otu536	2	3	15	6	20	8	19	13	1	20
otu2087	19	10	4	10	8	16	18	8	18	14
otu1641	0	3	10	16	15	19	2	9	20	16
otu2908	20	12	16	19	11	9	18	7	20	17
otu1511	11	8	17	19	11	13	20	8	9	20
otu2651	12	4	0	14	16	6	15	12	12	12
otu645	12	17	19	16	5	5	3	12	16	1
otu2811	15	19	14	2	6	20	5	9	11	20
otu2231	15	18	13	10	5	3	4	18	1	13
otu1286	1	1	7	0	18	8	18	18	14	2
otu1349	16	4	20	16	4	7	12	13	18	19
otu1983	9	0	11	19	11	11	14	10	20	14
otu1629	16	15	10	10	6	10	13	5	20	5
otu2720	2	5	17	6	0	13	3	1	9	13
otu1337	14	15	12	4	10	14	10	19	16	15
otu908	15	19	0	4	0	6	1	14	7	13
otu458	7	17	11	8	19	20	18	20	15	11
otu2699	12	8	16	4	14	11	12	18	19	12
otu2264	7	18	19	20	6	4	8	13	17	8
otu920	14	6	3	8	16	17	11	5	14	6
otu874	1	9	3	15	3	11	8	2	9	6
otu2816	4	20	16	4	0	0	12	19	13	17
otu2531	6	11	13	2	5	11	3	16	7	14
otu775	19	13	19	12	6	8	12	9	4	1
otu327	10	5	15	17	0	4	9	6	7	3
otu190	15	20	2	10	11	19	17	4	19	16
otu2183	18	3	8	0	18	5	8	12	17	15
otu1713	14	6	7	9	9	18	13	9	3	8
otu2065	8	5	18	4	3	2	1	18	15	14
otu2166	0	2	6	17	15	20	8	4	19	15
otu2013	13	19	14	19	5	20	15	5	5	9
otu1937	15	10	20	9	17	1	1	12	15	3
otu2266	5	1	19	0	1	10	5	10	19	16
otu2352	18	14	17	19	6	1	10	6	4	7
otu1395	2	13	2	7	4	20	6	13	19	4
otu2818	10	5	13	3	12	8	3	1	4	10
otu382	0	18	9	1	14	12	13	2	13	10
otu2621	13	17	9	9	16	0	2	16	7	13
otu1009	5	6	11	18	10	14	3	13	1	4
otu2927	1	19	3	18	1	0	4	1	2	8
otu911	1	17	6	6	18	14	1	19	11	4
otu2581	11	12	9	20	4	18	16	4	16	14
otu1943	9	19	11	5	0	6	1	15	16	10
otu1203	2	0	1	6	7	19	14	8	15	9
otu2466	14	19	9	0	16	20	11	4	6	6
otu2221	18	6	17	4	5	9	6	8	7	15
otu377	14	6	20	19	12	3	4	18	12	0
otu1457	10	4	2	18	12	17	8	16	12	19
otu917	0	7	8	5	18	12	1	0	11	0
otu1871	14	18	7	11	0	6	19	9	17	14
otu2689	1	17	15	1	6	13	3	17	13	7
otu1261	2	16	12	16	5	12	20	18	0	0
otu244	13	13	18	18	15	6	17	13	8	6
otu528	15	19	18	3	14	14	17	4	7	16
otu2003	15	11	9	11	9	2	11	17	1	2
otu2462	15	16	2	18	14	4	15	15	13	5
otu1031	3	20	3	14	6	2	5	16	16	16
otu1141	1	2	1	6	18	16	9	2	0	16
otu1498	15	6	2	0	1	19	7	2	15	14
otu192	10	13	10	4	20	11	6	13	19	9
otu1956	12	1	4	2	16	19	7	0	13	7
otu1729	17	1	3	5	10	5	20	5	18	11
otu249	4	5	13	3	6	0	20	19	20	11
otu2061	0	14	15	2	5	15	1	7	5	9
otu2887	8	13	5	15	18	18	2	19	20	9
otu1281	19	1	0	1	18	15	18	12	0	10
otu1720	20	10	1	18	17	14	12	17	7	16
otu801	6	13	6	13	4	14	14	0	6	13
otu286	9	9	6	14	18	3	10	1	13	7
otu2849	7	1	19	10	9	20	1	16	8	10
otu965	11	2	1	12	17	5	16	19	4	3
otu469	4	1	11	11	11	14	5	10	6	14
otu2107	5	5	6	0	9	8	9	12	16	3
otu1674	4	11	14	6	12	13	6	6	16	17
otu1000	17	10	2	15	2	13	3	0	18	12
otu226	1	19	14	2	13	4	7	6	4	10
otu2072	16	13	9	5	0	14	9	9	14	0
otu1449	1	20	18	7	15	19	20	19	19	19
otu602	3	7	6	9	18	15	3	19	18	10
otu169	0	5	15	3	8	17	9	8	2	18
otu1999	2	2	6	12	8	9	19	7	20	12
otu2729	18	17	15	0	19	14	11	9	13	12
otu1415	0	2	12	17	4	6	0	12	9	2
otu2358	10	17	12	1	6	4	9	1	4	12
otu181	11	0	12	14	7	6	0	0	8	19
otu2615	10	1	7	16	18	15	10	18	14	5
otu1241	8	11	0	8	10	1	16	18	9	3
otu1265	16	3	0	1	2	13	4	18	1	7
otu2280	1	14	10	17	14	3	17	2	15	0
otu2301	7	0	8	8	12	9	17	6	19	5
otu852	7	13	6	12	18	17	13	12	0	12
otu2391	10	6	7	7	16	12	11	8	6	0
otu1828	20	3	2	10	11	18	5	7	4	3
otu315	12	19	6	16	13	19	5	3	15	4
otu21	16	15	11	3	2	12	2	2	19	20
otu934	13	3	8	4	16	8	5	3	6	15
otu2518	18	19	0	8	1	1	20	2	20	13
otu2163	16	4	20	15	9	14	4	0	20	20
otu139	5	3	3	6	16	15	18	8	5	15
otu1698	8	20	12	11	12	3	10	7	2	9
otu1118	8	13	10	2	8	2	2	3	14	7
otu1390	0	3	7	10	16	16	7	13	17	15
otu1935	12	2	6	18	2	18	10	2	5	15
otu2640	14	2	8	12	13	20	7	12	14	13
otu2148	14	20	18	20	14	15	2	1	7	4
otu1321	3	4	5	15	17	15	2	10	8	6
otu2475	9	5	16	3	11	11	20	17	10	15
otu2900	11	2	8	3	13	0	9	5	4	13
otu1950	1	20	9	20	15	7	0	12	20	14
otu2223	4	16	15	20	0	19	16	11	8	9
otu1596	3	13	13	2	16	13	1	11	7	11
otu652	9	10	8	11	16	18	5	1	9	15
otu1398	5	4	3	2	2	0	12	17	20	5
otu2752	4	5	9	2	7	1	0	15	20	3
otu1758	20	1	4	1	13	18	12	2	14	7
otu1810	1	15	9	7	4	18	18	10	2	5
otu1463	9	11	16	0	15	14	10	3	10	11
otu1919	14	11	3	15	2	0	2	19	12	9
otu1898	13	13	5	2	19	7	1	9	0	11
otu793	0	14	5	19	3	10	15	18	7	4
otu289	15	7	18	17	1	7	20	14	1	18
otu1848	0	6	6	6	11	0	20	14	2	12
otu2857	1	1	6	10	9	13	15	4	4	13
otu836	1	20	0	16	10	3	17	2	3	2
otu400	17	17	9	13	2	15	5	3	20	11
otu1385	14	13	3	6	0	3	18	4	12	6
otu1145	19	4	15	18	11	20	0	20	11	5
otu1372	13	10	12	17	15	4	19	20	4	4
otu175	2	14	0	16	5	10	2	3	19	2
otu2399	10	12	16	9	12	20	8	8	5	19
otu1979	8	6	16	14	0	9	16	1	13	19
otu1853	4	4	14	3	9	1	0	14	9	8
otu1981	3	1	13	17	3	16	1	4	12	5
otu2631	9	10	18	6	9	17	19	15	19	1
otu2199	15	7	6	1	0	7	9	17	19	2
otu1751	19	6	15	4	1	14	7	3	12	18
otu807	14	16	5	15	0	13	0	13	0	5
otu1326	8	9	9	16	1	19	17	19	17	1
otu2021	19	20	20	16	20	9	17	5	18	8
otu1718	15	15	13	0	8	8	4	4	16	1
otu2703	15	5	1	4	13	10	8	19	16	6
otu1774	9	11	2	5	6	1	16	16	0	1
otu696	0	15	1	18	10	1	3	11	10	14
otu1771	7	18	2	14	1	17	14	15	0	3
otu2435	20	2	19	20	0	14	18	13	2	7
otu1519	15	3	10	14	16	8	11	14	19	18
otu2675	7	12	15	0	20	14	0	3	16	4
otu1471	17	9	5	3	7	8	12	12	5	6
otu1410	18	9	8	16	12	17	10	13	10	19
otu2455	8	9	9	0	8	7	20	16	14	13
otu2953	15	9	6	9	12	5	8	3	10	16
otu1988	10	5	17	14	11	14	17	7	0	11
otu203	18	20	13	8	19	14	9	14	9	11
otu36	12	3	3	6	6	9	20	12	15	14
otu815	8	4	20	14	5	11	16	13	19	17
otu298	13	17	7	10	6	15	3	7	15	7
otu1532	20	1	16	18	17	19	1	17	16	1
otu2467	10	19	20	15	2	15	18	14	6	2
otu359	20	18	15	11	5	12	13	18	3	5
otu2296	18	16	10	10	4	14	17	18	3	14
otu1078	13	11	5	14	9	14	5	11	15	12
otu2161	1	12	10	1	1	14	2	9	10	0
otu2119	19	0	17	8	8	4	20	15	11	13
otu1525	14	1	17	8	5	12	3	9	14	1
otu450	20	15	16	6	2	16	19	12	7	13
otu2892	6	6	18	20	19	18	0	1	20	19
otu2507	19	14	0	12	18	16	1	2	0	4
otu2669	18	2	17	18	18	7	18	1	4	9
otu2302	1	13	6	13	16	2	8	1	19	10
otu467	8	6	19	4	19	19	15	1	6	11
otu1513	18	8	19	16	8	11	7	6	12	9
otu1779	11	0	8	10	17	16	2	3	5	4
otu860	5	2	20	2	15	1	20	5	20	6
otu2591	4	15	6	0	8	7	16	12	12	5
otu19	14	17	8	9	5	9	7	16	4	6
otu1295	8	12	14	15	5	13	3	14	7	12
otu492	18	14	18	1	2	3	14	3	18	0
otu573	7	0	16	16	19	3	13	7	14	3
otu2825	10	6	10	16	19	6	4	13	18	2
otu2272	11	2	1	12	16	1	6	18	0	5
otu1635	16	5	14	15	12	15	11	14	14	2
otu560	16	6	6	9	11	6	8	14	13	1
otu2853	10	6	15	6	13	2	19	17	7	15
otu2355	14	6	14	10	6	14	20	9	18	11
otu1756	10	13	5	7	12	5	12	17	12	10
otu2050	10	12	0	13	0	16	6	8	5	16
otu2859	18	18	3	1	18	6	9	10	8	4
otu2282	5	19	18	5	10	4	20	6	17	17
otu116	16	13	20	5	14	14	16	14	5	2
otu550	3	16	7	19	7	13	16	2	13	16
otu2993	19	4	6	6	15	13	2	0	15	0
otu2709	1	9	10	9	11	4	7	7	3	15
otu1509	11	12	10	19	7	6	6	8	4	17
otu1165	6	10	14	4	4	13	19	1	10	13
otu2928	11	11	20	7	3	20	9	19	12	17
otu2345	4	16	4	12	16	14	7	20	12	1
otu184	13	8	18	3	20	13	7	16	19	20
otu1067	18	10	6	10	12	8	6	20	15	2
otu1959	11	18	0	16	2	1	12	7	7	14
otu2430	8	13	7	9	0	17	3	20	3	8
otu2626	17	19	0	5	14	0	1	16	8	14
otu1594	9	1	17	4	7	4	8	15	2	8
otu2672	1	11	4	11	18	0	2	19	7	7
otu600	17	20	0	10	20	9	18	11	3	9
otu1057	16	16	0	8	19	3	12	11	6	19
otu580	18	1	17	10	17	14	15	16	19	10
otu657	3	14	13	4	17	16	15	17	1	2
otu2693	2	18	15	18	8	9	0	14	17	1
otu1011	20	11	1	10	7	12	14	14	13	11
otu1831	7	8	16	2	15	10	7	6	11	2
otu779	15	2	6	18	14	8	2	6	15	3
otu739	8	4	4	13	19	8	18	18	16	16
otu1593	8	3	17	16	7	12	9	10	19	10
otu1467	15	1	17	13	5	1	5	3	6	8
otu2866	20	3	0	20	17	3	13	10	19	19
otu2917	2	10	6	3	20	14	20	9	11	18
otu412	0	18	3	5	5	6	0	19	6	17
otu2610	9	0	1	17	1	17	16	2	13	18
otu897	16	20	9	10	6	3	2	9	13	19
otu2440	6	20	8	3	11	7	18	3	12	12
otu1243	9	5	17	1	5	14	18	15	6	9
otu1081	14	8	2	2	13	12	16	19	8	7
otu1475	15	1	0	0	15	4	19	10	6	0
otu1676	8	16	1	13	0	0	7	0	17	17
otu496	7	7	20	8	0	5	5	4	11	6
otu370	16	4	8	5	20	12	12	14	18	17
otu2037	3	1	16	3	9	10	20	14	6	10
otu2975	4	13	9	5	16	4	1	14	16	12
otu395	8	11	10	14	0	6	8	3	2	7
otu1615	7	0	14	16	12	18	15	6	20	11
otu777	20	3	19	20	4	13	0	7	15	8
otu1682	9	2	0	8	12	11	7	10	12	12
otu61	1	4	12	16	17	8	15	20	19	1
otu2380	18	17	15	16	2	3	6	3	7	12
otu1877	3	14	15	15	15	1	0	13	19	13
otu233	3	8	7	12	17	19	9	9	12	13
otu1324	1	6	0	8	4	7	13	11	11	20
otu2715	16	1	11	7	12	2	15	18	2	17
otu679	19	7	10	17	18	5	12	7	6	12
otu227	12	7	0	1	6	4	7	11	5	12
otu167	10	13	17	3	12	19	17	3	8	13
otu1940	0	15	13	6	11	19	4	14	11	13
otu2291	9	14	13	9	8	1	6	16	16	19
otu1666	8	4	15	9	11	1	2	1	7	5
otu2695	7	8	13	13	12	13	8	7	20	15
otu2275	19	15	5	7	17	9	7	13	14	5
otu737	20	14	14	8	18	3	15	14	10	0
otu1971	13	8	19	11	3	12	0	12	13	15
otu2522	13	10	18	8	5	8	4	16	13	4
otu2668	8	14	15	16	16	19	11	7	10	3
otu1552	7	0	13	6	2	18	8	4	12	11
otu2734	12	11	5	12	6	9	5	5	10	7
otu2114	1	19	18	12	6	16	18	18	20	16
otu2267	5	0	5	2	11	10	17	7	8	2
otu32	11	3	6	12	13	5	11	16	10	17
otu1960	14	10	19	18	12	10	13	16	5	16
otu1143	16	13	6	5	1	20	15	16	3	1
otu126	17	15	7	10	7	5	20	13	16	3
otu2414	5	3	14	11	19	14	1	15	13	11
otu2740	15	19	16	16	5	13	12	10	3	6
otu1738	20	7	19	7	8	12	19	3	8	3
otu281	1	18	16	7	9	17	18	17	19	5
otu97	3	9	11	18	8	8	9	10	0	18
otu1562	4	16	3	5	9	9	4	19	8	14
otu1694	11	7	13	6	8	10	3	7	17	12
otu2078	5	2	9	19	3	12	13	18	18	8
otu558	4	20	8	2	2	7	13	3	2	4
otu2554	13	16	19	0	5	11	15	19	4	0
otu2504	13	6	17	10	15	7	5	9	5	3
otu1559	6	5	15	2	6	15	2	19	4	4
otu2553	4	11	9	12	5	4	13	17	6	14
otu1764	8	15	7	15	2	5	18	6	14	11
otu805	15	4	10	4	10	19	14	7	4	0
otu2656	17	20	4	3	13	19	1	10	0	12
otu1605	6	10	7	9	12	16	4	18	13	11
otu2259	4	5	10	2	14	20	9	8	18	0
otu1439	17	0	11	15	18	19	20	19	15	6
otu455	19	15	8	8	2	1	14	15	14	19
otu1453	10	6	0	11	9	20	4	11	16	4
otu1610	10	15	13	3	7	16	8	14	5	1
otu1319	12	16	10	7	16	4	17	2	20	0
otu1659	8	2	17	1	7	10	16	7	16	11
otu1716	8	2	20	11	13	4	7	20	2	11
otu1456	19	1	1	4	15	20	2	6	11	16
otu1928	13	6	10	9	7	7	13	2	7	6
otu930	3	11	10	20	14	3	14	19	9	17
otu429	4	15	1	16	10	18	18	4	8	20
